-1 15 15 15
0.000596 1 1 1 B
0.052298 1 2 1 B
0.091684 1 3 1 B
0.157050 1 4 1 B
0.191137 1 5 1 B
0.223330 1 6 1 B
0.265430 1 7 1 B
0.318066 1 8 1 B
0.348711 1 9 1 B
0.383674 1 10 1 B
0.420345 1 11 1 B
0.464540 1 12 1 B
0.491286 1 13 1 B
0.000598 6 6 6 G
0.052458 6 6 5 G
0.062893 6 6 4 G
0.080807 6 6 3 G
0.122355 6 6 2 G
0.161216 6 6 1 G
0.191374 6 6 0 G
0.223578 6 6 14 G
0.262506 6 6 13 G
0.288544 6 6 12 G
0.314316 6 6 11 G
0.361195 6 6 10 G
0.374647 6 6 9 G
0.424496 6 6 8 G
0.454690 6 6 7 G
0.491895 6 6 6 G
0.553420 6 6 5 G
0.000597 2 2 2 C
0.052302 2 2 3 C
0.065903 2 2 4 C
0.100052 2 2 5 C
0.144890 2 2 6 C
0.189909 2 2 7 C
0.210562 2 2 8 C
0.299250 2 2 9 C
0.326365 2 2 10 C
0.363068 2 2 11 C
0.383822 2 2 12 C
0.401977 2 2 13 C
0.420182 2 2 14 C
0.475774 2 2 0 C
0.517828 2 2 1 C
0.561918 2 2 2 C
0.586659 2 2 3 C
0.601606 2 2 4 C
0.634727 2 2 5 C
0.674926 2 2 6 C
0.714784 2 2 7 C
0.741895 2 2 8 C
0.768388 2 2 9 C
0.810069 2 2 10 C
0.000598 5 5 5 F
0.027241 5 6 5 F
0.052280 5 7 5 F
0.102018 5 8 5 F
0.135450 5 9 5 F
0.180295 5 10 5 F
0.202807 5 11 5 F
0.250315 5 12 5 F
0.299059 5 13 5 F
0.348630 5 14 5 F
0.383665 5 0 5 F
0.411436 5 1 5 F
0.424501 5 2 5 F
0.437242 5 3 5 F
0.450803 5 4 5 F
0.480798 5 5 5 F
0.519958 5 6 5 F
0.553414 5 7 5 F
0.580672 5 8 5 F
0.606390 5 9 5 F
0.634728 5 10 5 F
0.656552 5 11 5 F
0.699260 5 12 5 F
0.723820 5 13 5 F
0.756895 5 14 5 F
0.838098 5 0 5 F
0.856168 5 1 5 F
0.909632 5 2 5 F
0.936492 5 3 5 F
0.956019 5 4 5 F
0.979631 5 5 5 F
1.172896 5 5 5 f
0.000599 10 10 10 K
0.052294 10 10 11 K
0.102023 10 10 12 K
0.144910 10 10 13 K
0.160217 10 10 14 K
0.191130 10 10 0 K
0.223326 10 10 1 K
0.250148 10 10 2 K
0.262492 10 10 3 K
0.280512 10 10 4 K
0.299071 10 10 5 K
0.315896 10 10 6 K
0.330271 10 10 7 K
0.361154 10 10 8 K
0.383812 10 10 9 K
0.406811 10 10 10 K
0.437251 10 10 11 K
0.469227 10 10 12 K
0.518051 10 10 13 K
0.538723 10 10 14 K
0.586610 10 10 0 K
0.616595 10 10 1 K
0.638892 10 10 2 K
0.685732 10 10 3 K
0.712750 10 10 4 K
0.756887 10 10 5 K
0.810606 10 10 6 K
0.838091 10 10 7 K
0.909544 10 10 8 K
0.927770 10 10 9 K
0.977755 10 10 10 K
0.993491 10 10 11 K
1.066649 10 10 12 K
1.111823 10 10 13 K
1.133919 10 10 14 K
1.164670 10 10 0 K
1.184415 10 10 1 K
1.219948 10 10 2 K
1.249450 10 10 3 K
1.286952 10 10 4 K
1.333577 10 10 5 K
1.350523 10 10 6 K
1.366270 10 10 7 K
1.402921 10 10 8 K
1.429493 10 10 9 K
1.444625 10 10 10 K
1.486437 10 10 11 K
1.528574 10 10 12 K
1.574403 10 10 13 K
1.622548 10 10 14 K
1.636528 10 10 0 K
1.654624 10 10 1 K
1.684338 10 10 2 K
1.716421 10 10 3 K
1.764440 10 10 4 K
1.811588 10 10 5 K
1.824377 10 10 6 K
1.870554 10 10 7 K
1.908824 10 10 8 K
1.944219 10 10 9 K
2.071552 10 10 10 K
2.143322 10 10 11 K
2.202893 10 10 12 K
0.000597 3 3 3 D
0.027292 3 2 3 D
0.052284 3 1 3 D
0.100042 3 0 3 D
0.119632 3 14 3 D
0.157021 3 13 3 D
0.186408 3 12 3 D
0.202801 3 11 3 D
0.227083 3 10 3 D
0.260503 3 9 3 D
0.299080 3 8 3 D
0.314109 3 7 3 D
0.348638 3 6 3 D
0.383614 3 5 3 D
0.437037 3 4 3 D
0.464548 3 3 3 D
0.476096 3 2 3 D
0.518323 3 1 3 D
0.545554 3 0 3 D
0.601706 3 14 3 D
0.620391 3 13 3 D
0.643588 3 12 3 D
0.674934 3 11 3 D
0.715822 3 10 3 D
0.768197 3 9 3 D
0.793177 3 8 3 D
0.816567 3 7 3 D
0.856237 3 6 3 D
0.909556 3 5 3 D
0.938468 3 4 3 D
0.974333 3 3 3 D
1.066673 3 2 3 D
1.083914 3 1 3 D
1.095875 3 0 3 D
1.124700 3 14 3 D
1.136138 3 13 3 D
1.162742 3 12 3 D
1.210095 3 11 3 D
1.226966 3 10 3 D
1.249444 3 9 3 D
1.263890 3 8 3 D
1.297337 3 7 3 D
1.344717 3 6 3 D
1.378677 3 5 3 D
1.389453 3 4 3 D
1.408254 3 3 3 D
1.429373 3 2 3 D
1.474763 3 1 3 D
1.488600 3 0 3 D
1.536331 3 14 3 D
1.576081 3 13 3 D
1.604319 3 12 3 D
1.638459 3 11 3 D
1.688604 3 10 3 D
1.716416 3 9 3 D
1.738135 3 8 3 D
1.778650 3 7 3 D
1.819419 3 6 3 D
1.847671 3 5 3 D
1.858085 3 4 3 D
1.896118 3 3 3 D
1.919366 3 2 3 D
1.944564 3 1 3 D
2.071543 3 0 3 D
2.098469 3 14 3 D
2.146764 3 13 3 D
2.202879 3 12 3 D
2.269844 3 11 3 D
2.302340 3 10 3 D
2.347559 3 9 3 D
0.000597 4 4 4 E
0.052149 4 4 3 E
0.062886 4 4 2 E
0.113390 4 4 1 E
0.157046 4 4 0 E
0.174356 4 4 14 E
0.188488 4 4 13 E
0.210264 4 4 12 E
0.235952 4 4 11 E
0.280521 4 4 10 E
0.299083 4 4 9 E
0.348641 4 4 8 E
0.395076 4 4 7 E
0.437205 4 4 6 E
0.480802 4 4 5 E
0.525775 4 4 4 E
0.540641 4 4 3 E
0.561910 4 4 2 E
0.576248 4 4 1 E
0.603436 4 4 0 E
0.622827 4 4 14 E
0.636358 4 4 13 E
0.656544 4 4 12 E
0.691343 4 4 11 E
0.718768 4 4 10 E
0.752081 4 4 9 E
0.799889 4 4 8 E
0.820455 4 4 7 E
0.856244 4 4 6 E
0.909548 4 4 5 E
0.936616 4 4 4 E
0.974336 4 4 3 E
1.066633 4 4 2 E
1.111963 4 4 1 E
1.134198 4 4 0 E
1.164821 4 4 14 E
1.202340 4 4 13 E
1.215828 4 4 12 E
1.242923 4 4 11 E
1.283843 4 4 10 E
1.307189 4 4 9 E
1.348355 4 4 8 E
1.376727 4 4 7 E
1.398073 4 4 6 E
1.411687 4 4 5 E
1.444633 4 4 4 E
1.464747 4 4 3 E
1.475895 4 4 2 E
1.488771 4 4 1 E
1.534354 4 4 0 E
1.556734 4 4 14 E
1.590852 4 4 13 E
1.616774 4 4 12 E
1.654572 4 4 11 E
1.706777 4 4 10 E
1.736411 4 4 9 E
1.776961 4 4 8 E
1.790181 4 4 7 E
1.834057 4 4 6 E
1.872778 4 4 5 E
1.889512 4 4 4 E
1.944190 4 4 3 E
2.071504 4 4 2 E
2.086112 4 4 1 E
2.098458 4 4 0 E
2.143544 4 4 14 E
2.202631 4 4 13 E
2.270019 4 4 12 E
2.302029 4 4 11 E
2.329502 4 4 10 E
2.352071 4 4 9 E
2.399958 4 4 8 E
2.437316 4 4 7 E
0.000595 0 0 0 A
0.052305 0 0 1 A
0.096695 0 0 2 A
0.119676 0 0 3 A
0.168969 0 0 4 A
0.210257 0 0 5 A
0.250140 0 0 6 A
0.275697 0 0 7 A
0.318018 0 0 8 A
0.383625 0 0 9 A
0.437028 0 0 10 A
0.448843 0 0 11 A
0.494496 0 0 12 A
0.518045 0 0 13 A
0.553453 0 0 14 A
0.566240 0 0 0 A
0.613220 0 0 1 A
0.662428 0 0 2 A
0.708356 0 0 3 A
0.752074 0 0 4 A
0.792992 0 0 5 A
0.838094 0 0 6 A
0.909644 0 0 7 A
0.945353 0 0 8 A
0.976662 0 0 9 A
0.993317 0 0 10 A
1.066636 0 0 11 A
1.090834 0 0 12 A
1.111970 0 0 13 A
1.138207 0 0 14 A
1.163045 0 0 0 A
1.196182 0 0 1 A
1.228844 0 0 2 A
1.249516 0 0 3 A
1.274458 0 0 4 A
1.316012 0 0 5 A
1.354543 0 0 6 A
1.370341 0 0 7 A
1.398036 0 0 8 A
1.448311 0 0 9 A
1.492417 0 0 10 A
1.508428 0 0 11 A
1.524250 0 0 12 A
1.536434 0 0 13 A
1.576035 0 0 14 A
1.622504 0 0 0 A
1.634504 0 0 1 A
1.684406 0 0 2 A
1.732521 0 0 3 A
1.762350 0 0 4 A
1.811719 0 0 5 A
1.859859 0 0 6 A
1.876397 0 0 7 A
1.889447 0 0 8 A
1.944573 0 0 9 A
1.956259 0 0 10 A
2.071547 0 0 11 A
2.143318 0 0 12 A
2.202884 0 0 13 A
2.269884 0 0 14 A
2.304294 0 0 0 A
2.354052 0 0 1 A
2.405059 0 0 2 A
2.454365 0 0 3 A
2.467536 0 0 4 A
0.000600 12 12 12 M
0.052274 12 12 11 M
0.080627 12 12 10 M
0.110795 12 12 9 M
0.133432 12 12 8 M
0.146558 12 12 7 M
0.158791 12 12 6 M
0.174152 12 12 5 M
0.210447 12 12 4 M
0.250152 12 12 3 M
0.286628 12 12 2 M
0.304063 12 12 1 M
0.361295 12 12 0 M
0.395300 12 12 14 M
0.437211 12 12 13 M
0.450922 12 12 12 M
0.482469 12 12 11 M
0.528852 12 12 10 M
0.562065 12 12 9 M
0.601707 12 12 8 M
0.616758 12 12 7 M
0.643583 12 12 6 M
0.660921 12 12 5 M
0.699255 12 12 4 M
0.714748 12 12 3 M
0.733574 12 12 2 M
0.771139 12 12 1 M
0.810614 12 12 0 M
0.856375 12 12 14 M
0.909651 12 12 13 M
0.956053 12 12 12 M
0.993487 12 12 11 M
1.066654 12 12 10 M
1.095881 12 12 9 M
1.135979 12 12 8 M
1.172886 12 12 7 M
1.193369 12 12 6 M
1.226971 12 12 5 M
1.253425 12 12 4 M
1.268409 12 12 3 M
1.310997 12 12 2 M
1.329636 12 12 1 M
1.376735 12 12 0 M
1.413645 12 12 14 M
1.460163 12 12 13 M
1.472616 12 12 12 M
1.512138 12 12 11 M
1.524202 12 12 10 M
1.561670 12 12 9 M
1.589717 12 12 8 M
1.602926 12 12 7 M
1.631345 12 12 6 M
1.661562 12 12 5 M
1.673102 12 12 4 M
1.712697 12 12 3 M
1.732485 12 12 2 M
1.766583 12 12 1 M
1.817766 12 12 0 M
1.844004 12 12 14 M
1.892976 12 12 13 M
1.944174 12 12 12 M
2.071508 12 12 11 M
2.143301 12 12 10 M
2.203181 12 12 9 M
2.270011 12 12 8 M
2.329515 12 12 7 M
2.348696 12 12 6 M
2.364353 12 12 5 M
2.406855 12 12 4 M
2.454325 12 12 3 M
2.470362 12 12 2 M
2.490480 12 12 1 M
2.518549 12 12 0 M
2.541394 12 12 14 M
2.580391 12 12 13 M
2.622814 12 12 12 M
2.661949 12 12 11 M
2.685341 12 12 10 M
0.000600 13 13 13 N
0.052289 13 12 13 N
0.085482 13 11 13 N
0.107800 13 10 13 N
0.123447 13 9 13 N
0.168978 13 8 13 N
0.202631 13 7 13 N
0.225352 13 6 13 N
0.262503 13 5 13 N
0.299284 13 4 13 N
0.322944 13 3 13 N
0.340773 13 2 13 N
0.372507 13 1 13 N
0.395084 13 0 13 N
0.448850 13 14 13 N
0.469104 13 13 13 N
0.480564 13 12 13 N
0.505533 13 11 13 N
0.553447 13 10 13 N
0.591031 13 9 13 N
0.626376 13 8 13 N
0.643466 13 7 13 N
0.670302 13 6 13 N
0.714744 13 5 13 N
0.751870 13 4 13 N
0.780755 13 3 13 N
0.818505 13 2 13 N
0.856175 13 1 13 N
0.909655 13 0 13 N
0.932313 13 14 13 N
0.945387 13 13 13 N
0.967835 13 12 13 N
1.014619 13 11 13 N
1.066626 13 10 13 N
1.084440 13 9 13 N
1.101559 13 8 13 N
1.136224 13 7 13 N
1.147092 13 6 13 N
1.186134 13 5 13 N
1.215833 13 4 13 N
1.245362 13 3 13 N
1.278469 13 2 13 N
1.326143 13 1 13 N
1.368044 13 0 13 N
1.396372 13 14 13 N
1.429382 13 13 13 N
1.472624 13 12 13 N
1.520347 13 11 13 N
1.532398 13 10 13 N
1.561657 13 9 13 N
1.587737 13 8 13 N
1.604114 13 7 13 N
1.651777 13 6 13 N
1.706800 13 5 13 N
1.753828 13 4 13 N
1.802781 13 3 13 N
1.843960 13 2 13 N
1.878730 13 1 13 N
1.908908 13 0 13 N
1.944585 13 14 13 N
2.071425 13 13 13 N
2.143514 13 12 13 N
2.202660 13 11 13 N
2.219831 13 10 13 N
2.270055 13 9 13 N
2.302022 13 8 13 N
2.347752 13 7 13 N
2.387677 13 6 13 N
2.436207 13 5 13 N
2.472466 13 4 13 N
2.490543 13 3 13 N
2.518510 13 2 13 N
2.568880 13 1 13 N
2.598929 13 0 13 N
2.623056 13 14 13 N
2.655536 13 13 13 N
2.685634 13 12 13 N
2.700579 13 11 13 N
2.723107 13 10 13 N
2.752326 13 9 13 N
2.788885 13 8 13 N
0.000599 11 11 11 L
0.027246 11 12 11 L
0.052269 11 13 11 L
0.072828 11 14 11 L
0.103836 11 0 11 L
0.114743 11 1 11 L
0.156825 11 2 11 L
0.188460 11 3 11 L
0.280524 11 4 11 L
0.299067 11 5 11 L
0.361247 11 6 11 L
0.403161 11 7 11 L
0.420338 11 8 11 L
0.436932 11 9 11 L
0.475924 11 10 11 L
0.523763 11 11 11 L
0.567631 11 12 11 L
0.616764 11 13 11 L
0.660664 11 14 11 L
0.708398 11 0 11 L
0.756940 11 1 11 L
0.799925 11 2 11 L
0.816433 11 3 11 L
0.838086 11 4 11 L
0.909648 11 5 11 L
0.932324 11 6 11 L
0.980743 11 7 11 L
1.007482 11 8 11 L
1.066658 11 9 11 L
1.095883 11 10 11 L
1.138049 11 11 11 L
1.162730 11 12 11 L
1.194970 11 13 11 L
1.205452 11 14 11 L
1.215867 11 0 11 L
1.257302 11 1 11 L
1.270392 11 2 11 L
1.295399 11 3 11 L
1.312092 11 4 11 L
1.362364 11 5 11 L
1.413657 11 6 11 L
1.431353 11 7 11 L
1.462876 11 8 11 L
1.488740 11 9 11 L
1.528580 11 10 11 L
1.563655 11 11 11 L
1.607750 11 12 11 L
1.638419 11 13 11 L
1.669385 11 14 11 L
1.709859 11 0 11 L
1.750330 11 1 11 L
1.766575 11 2 11 L
1.813502 11 3 11 L
1.837684 11 4 11 L
1.867604 11 5 11 L
1.884458 11 6 11 L
1.944182 11 7 11 L
2.071512 11 8 11 L
2.143309 11 9 11 L
2.203190 11 10 11 L
2.270051 11 11 11 L
2.304244 11 12 11 L
2.329522 11 13 11 L
2.347586 11 14 11 L
2.395700 11 0 11 L
2.414389 11 1 11 L
2.465680 11 2 11 L
2.494029 11 3 11 L
2.543304 11 4 11 L
2.574322 11 5 11 L
2.601091 11 6 11 L
2.622764 11 7 11 L
2.653495 11 8 11 L
2.669186 11 9 11 L
2.719045 11 10 11 L
2.778339 11 11 11 L
2.822512 11 12 11 L
0.000598 7 7 7 H
0.027279 7 6 7 H
0.055155 7 5 7 H
0.074741 7 4 7 H
0.120156 7 3 7 H
0.156819 7 2 7 H
0.189903 7 1 7 H
0.225216 7 0 7 H
0.239834 7 14 7 H
0.284608 7 13 7 H
0.304343 7 12 7 H
0.340760 7 11 7 H
0.383818 7 10 7 H
0.411588 7 9 7 H
0.442081 7 8 7 H
0.491429 7 7 7 H
0.534846 7 6 7 H
0.576265 7 5 7 H
0.601676 7 4 7 H
0.617751 7 3 7 H
0.658488 7 2 7 H
0.691398 7 1 7 H
0.741845 7 0 7 H
0.793172 7 14 7 H
0.856369 7 13 7 H
0.909551 7 12 7 H
0.957749 7 11 7 H
0.993357 7 10 7 H
1.066640 7 9 7 H
1.111790 7 8 7 H
1.133926 7 7 7 H
1.172894 7 6 7 H
1.194961 7 5 7 H
1.241407 7 4 7 H
1.286986 7 3 7 H
1.312098 7 2 7 H
1.326107 7 1 7 H
1.344606 7 0 7 H
1.362416 7 14 7 H
1.409780 7 13 7 H
1.452043 7 12 7 H
1.464883 7 11 7 H
1.508388 7 10 7 H
1.543119 7 9 7 H
1.563736 7 8 7 H
1.602698 7 7 7 H
1.643412 7 6 7 H
1.688573 7 5 7 H
1.706787 7 4 7 H
1.720890 7 3 7 H
1.748339 7 2 7 H
1.764556 7 1 7 H
1.786522 7 0 7 H
1.799820 7 14 7 H
1.834040 7 13 7 H
1.862733 7 12 7 H
1.874487 7 11 7 H
1.919415 7 10 7 H
2.071500 7 9 7 H
2.143314 7 8 7 H
2.203187 7 7 7 H
2.269990 7 6 7 H
2.286108 7 5 7 H
2.331488 7 4 7 H
2.377093 7 3 7 H
2.395877 7 2 7 H
2.436231 7 1 7 H
2.490515 7 0 7 H
2.528720 7 14 7 H
2.568966 7 13 7 H
2.605175 7 12 7 H
2.632969 7 11 7 H
2.650469 7 10 7 H
2.671759 7 9 7 H
2.721968 7 8 7 H
2.752148 7 7 7 H
2.788881 7 6 7 H
2.834920 7 5 7 H
0.000599 9 9 9 J
0.027236 9 8 9 J
0.063030 9 7 9 J
0.100048 9 6 9 J
0.122245 9 5 9 J
0.169005 9 4 9 J
0.223334 9 3 9 J
0.252357 9 2 9 J
0.299245 9 1 9 J
0.332176 9 0 9 J
0.383622 9 14 9 J
0.437041 9 13 9 J
0.475928 9 12 9 J
0.494504 9 11 9 J
0.532948 9 10 9 J
0.564028 9 9 9 J
0.576269 9 8 9 J
0.613372 9 7 9 J
0.660672 9 6 9 J
0.678774 9 5 9 J
0.709770 9 4 9 J
0.751877 9 3 9 J
0.810617 9 2 9 J
0.909636 9 1 9 J
0.945344 9 0 9 J
0.974322 9 14 9 J
0.993481 9 13 9 J
1.011124 9 12 9 J
1.066555 9 11 9 J
1.089394 9 10 9 J
1.124692 9 9 9 J
1.147099 9 8 9 J
1.175180 9 7 9 J
1.196174 9 6 9 J
1.241355 9 5 9 J
1.263829 9 4 9 J
1.294387 9 3 9 J
1.333583 9 2 9 J
1.352540 9 1 9 J
1.400946 9 0 9 J
1.445838 9 14 9 J
1.479902 9 13 9 J
1.510156 9 12 9 J
1.561666 9 11 9 J
1.593762 9 10 9 J
1.609026 9 9 9 J
1.643380 9 8 9 J
1.671321 9 7 9 J
1.706794 9 6 9 J
1.755838 9 5 9 J
1.792056 9 4 9 J
1.811713 9 3 9 J
1.849978 9 2 9 J
1.878722 9 1 9 J
1.892849 9 0 9 J
1.944569 9 14 9 J
1.956278 9 13 9 J
2.071479 9 12 9 J
2.098476 9 11 9 J
2.143549 9 10 9 J
2.202665 9 9 9 J
2.270043 9 8 9 J
2.329510 9 7 9 J
2.364345 9 6 9 J
2.387850 9 5 9 J
2.430810 9 4 9 J
2.465581 9 3 9 J
2.500885 9 2 9 J
2.537439 9 1 9 J
2.572492 9 0 9 J
2.608786 9 14 9 J
2.639341 9 13 9 J
2.650461 9 12 9 J
2.689005 9 11 9 J
2.704597 9 10 9 J
2.752337 9 9 9 J
2.795766 9 8 9 J
2.836059 9 7 9 J
2.854670 9 6 9 J
2.894567 9 5 9 J
2.915093 9 4 9 J
0.000598 8 8 8 I
0.052140 8 8 7 I
0.101970 8 8 6 I
0.144642 8 8 5 I
0.185166 8 8 4 I
0.202622 8 8 3 I
0.235947 8 8 2 I
0.275704 8 8 1 I
0.318057 8 8 0 I
0.333937 8 8 14 I
0.361254 8 8 13 I
0.395251 8 8 12 I
0.437327 8 8 11 I
0.475919 8 8 10 I
0.503731 8 8 9 I
0.551433 8 8 8 I
0.576255 8 8 7 I
0.601702 8 8 6 I
0.647330 8 8 5 I
0.688203 8 8 4 I
0.710843 8 8 3 I
0.723908 8 8 2 I
0.741859 8 8 1 I
0.768156 8 8 0 I
0.789240 8 8 14 I
0.838119 8 8 13 I
0.856377 8 8 12 I
0.909536 8 8 11 I
0.927778 8 8 10 I
0.955926 8 8 9 I
0.982730 8 8 8 I
1.066645 8 8 7 I
1.090840 8 8 6 I
1.113761 8 8 5 I
1.150661 8 8 4 I
1.184305 8 8 3 I
1.226813 8 8 2 I
1.272381 8 8 1 I
1.304308 8 8 0 I
1.327845 8 8 14 I
1.358336 8 8 13 I
1.370297 8 8 12 I
1.389516 8 8 11 I
1.413653 8 8 10 I
1.433661 8 8 9 I
1.450160 8 8 8 I
1.500635 8 8 7 I
1.520339 8 8 6 I
1.543089 8 8 5 I
1.582145 8 8 4 I
1.625816 8 8 3 I
1.661527 8 8 2 I
1.694370 8 8 1 I
1.714510 8 8 0 I
1.748334 8 8 14 I
1.762342 8 8 13 I
1.774956 8 8 12 I
1.794294 8 8 11 I
1.824370 8 8 10 I
1.872947 8 8 9 I
1.908813 8 8 8 I
1.956272 8 8 7 I
2.071558 8 8 6 I
2.143541 8 8 5 I
2.202669 8 8 4 I
2.270015 8 8 3 I
2.329518 8 8 2 I
2.355927 8 8 1 I
2.400103 8 8 0 I
2.442208 8 8 14 I
2.476369 8 8 13 I
2.528727 8 8 12 I
2.556240 8 8 11 I
2.601060 8 8 10 I
2.633045 8 8 9 I
2.648448 8 8 8 I
2.661848 8 8 7 I
2.685074 8 8 6 I
2.708514 8 8 5 I
2.724871 8 8 4 I
2.778163 8 8 3 I
2.797794 8 8 2 I
2.828575 8 8 1 I
2.854598 8 8 0 I
2.871416 8 8 14 I
2.988638 8 8 14 i
0.000600 14 14 14 O
0.027041 14 14 13 O
0.056949 14 14 12 O
0.103862 14 14 11 O
0.156804 14 14 10 O
0.185175 14 14 9 O
0.223318 14 14 8 O
0.284613 14 14 7 O
0.323519 14 14 6 O
0.383669 14 14 5 O
0.412554 14 14 4 O
0.437214 14 14 3 O
0.485403 14 14 2 O
0.528954 14 14 1 O
0.540673 14 14 0 O
0.576260 14 14 14 O
0.622641 14 14 13 O
0.634735 14 14 12 O
0.708402 14 14 11 O
0.741854 14 14 10 O
0.793166 14 14 9 O
0.822381 14 14 8 O
0.909640 14 14 7 O
0.936500 14 14 6 O
0.961256 14 14 5 O
1.003771 14 14 4 O
1.066564 14 14 3 O
1.111819 14 14 2 O
1.162737 14 14 1 O
1.200399 14 14 0 O
1.226806 14 14 14 O
1.245394 14 14 13 O
1.280384 14 14 12 O
1.313203 14 14 11 O
1.352533 14 14 10 O
1.392163 14 14 9 O
1.436751 14 14 8 O
1.448346 14 14 7 O
1.470759 14 14 6 O
1.492407 14 14 5 O
1.532452 14 14 4 O
1.576085 14 14 3 O
1.602706 14 14 2 O
1.638454 14 14 1 O
1.669354 14 14 0 O
1.684345 14 14 14 O
1.707227 14 14 13 O
1.748122 14 14 12 O
1.786363 14 14 11 O
1.806497 14 14 10 O
1.845748 14 14 9 O
1.884451 14 14 8 O
1.908820 14 14 7 O
1.944187 14 14 6 O
2.071539 14 14 5 O
2.098465 14 14 4 O
2.146806 14 14 3 O
2.202873 14 14 2 O
2.269837 14 14 1 O
2.329590 14 14 0 O
2.358026 14 14 14 O
2.387669 14 14 13 O
2.430843 14 14 12 O
2.474441 14 14 11 O
2.520593 14 14 10 O
2.537389 14 14 9 O
2.575458 14 14 8 O
2.602999 14 14 7 O
2.648455 14 14 6 O
2.685132 14 14 5 O
2.708507 14 14 4 O
2.727013 14 14 3 O
2.752333 14 14 2 O
2.797746 14 14 1 O
2.830872 14 14 0 O
2.875378 14 14 14 O
2.891644 14 14 13 O
2.931146 14 14 12 O
2.963029 14 14 11 O
2.975847 14 14 10 O
3.024061 14 14 9 O
3.061965 14 14 8 O
3.083428 14 14 7 O
3.112139 14 14 6 O
3.133405 14 14 5 O
