-1 15 15 15
0.000173 1 2 14 B
0.054927 1 2 0 B
0.067236 1 1 0 B
0.097954 1 1 14 B
0.135722 1 2 14 B
0.161680 1 2 0 B
0.207384 1 3 0 B
0.238578 1 3 14 B
0.292164 1 4 14 B
0.321784 1 5 14 B
0.372054 1 6 14 B
0.442194 1 6 13 B
0.000174 3 10 5 D
0.034195 3 10 4 D
0.069156 3 9 4 D
0.122938 3 8 4 D
0.185931 3 8 3 D
0.238581 3 8 4 D
0.292157 3 9 4 D
0.337841 3 9 5 D
0.442159 3 10 5 D
0.500121 3 9 5 D
0.535261 3 10 5 D
0.583953 3 9 5 D
0.609218 3 9 4 D
0.000175 6 12 14 G
0.022574 6 13 14 G
0.054929 6 14 14 G
0.084413 6 0 14 G
0.106472 6 0 13 G
0.160068 6 1 13 G
0.207444 6 1 14 G
0.229192 6 2 14 G
0.241909 6 1 14 G
0.273508 6 2 14 G
0.321710 6 2 13 G
0.372021 6 2 12 G
0.442223 6 2 13 G
0.500082 6 1 13 G
0.531572 6 2 13 G
0.556000 6 1 13 G
0.573752 6 1 12 G
0.595063 6 0 12 G
0.633564 6 14 12 G
0.675472 6 13 12 G
0.692673 6 13 13 G
0.738935 6 14 13 G
0.768159 6 14 14 G
0.791118 6 0 14 G
0.826405 6 0 0 G
0.873346 6 0 14 G
0.915257 6 1 14 G
0.965008 6 1 13 G
0.998208 6 1 14 G
1.035907 6 0 14 G
1.084238 6 14 14 G
1.126821 6 0 14 G
1.163351 6 14 14 G
1.228445 6 0 14 G
1.263539 6 0 13 G
0.000174 4 1 0 E
0.000172 0 11 12 A
0.020615 0 12 12 A
0.054762 0 13 12 A
0.079460 0 14 12 A
0.091055 0 0 12 A
0.131700 0 14 12 A
0.185928 0 0 12 A
0.207387 0 0 11 A
0.054798 4 1 1 E
0.067263 4 0 1 E
0.106468 4 0 0 E
0.160064 4 0 14 E
0.198332 4 0 13 E
0.212336 4 0 14 E
0.267920 4 14 14 E
0.321554 4 14 0 E
0.344208 4 13 0 E
0.372051 4 13 1 E
0.442191 4 14 1 E
0.500124 4 0 1 E
0.516090 4 14 1 E
0.545172 4 14 2 E
0.568907 4 13 2 E
0.595019 4 13 3 E
0.618691 4 14 3 E
0.654022 4 13 3 E
0.677382 4 14 3 E
0.712451 4 14 2 E
0.225400 0 0 10 A
0.268039 0 0 9 A
0.321550 0 14 9 A
0.340139 0 13 9 A
0.442218 0 13 8 A
0.500080 0 12 8 A
0.515834 0 12 9 A
0.531567 0 12 8 A
0.558006 0 11 8 A
0.595064 0 11 9 A
0.628564 0 11 10 A
0.652200 0 11 11 A
0.684212 0 11 12 A
0.712326 0 11 11 A
0.732066 0 10 11 A
0.777132 0 10 10 A
0.805069 0 9 10 A
0.852003 0 10 10 A
0.864572 0 9 10 A
0.915252 0 9 11 A
0.956341 0 8 11 A
1.004509 0 8 10 A
1.035915 0 8 9 A
1.061759 0 8 10 A
1.108314 0 9 10 A
1.126841 0 9 11 A
1.163530 0 10 11 A
1.228328 0 10 12 A
1.277043 0 9 12 A
0.757819 4 13 2 E
0.791052 4 13 1 E
0.807160 4 13 2 E
0.851784 4 14 2 E
0.893348 4 14 3 E
0.904055 4 14 2 E
0.931695 4 14 1 E
0.965091 4 13 1 E
1.011118 4 13 0 E
1.035951 4 14 0 E
1.072874 4 14 1 E
1.109585 4 0 1 E
1.126778 4 14 1 E
1.163343 4 13 1 E
1.228448 4 13 2 E
1.276904 4 12 2 E
0.000175 7 13 14 H
0.018704 7 13 0 H
0.054917 7 14 0 H
0.106646 7 14 14 H
0.159921 7 13 14 H
0.208957 7 13 13 H
0.243957 7 13 12 H
0.292154 7 13 11 H
0.337837 7 13 10 H
0.372052 7 12 10 H
0.442155 7 11 10 H
0.500120 7 11 11 H
0.535264 7 11 10 H
0.556001 7 10 10 H
0.597429 7 9 10 H
0.631251 7 8 10 H
0.677386 7 8 9 H
0.691784 7 7 9 H
0.712324 7 7 10 H
0.742089 7 7 11 H
0.791114 7 8 11 H
0.832245 7 8 10 H
0.860685 7 9 10 H
0.909801 7 9 9 H
0.931752 7 9 8 H
0.943780 7 9 9 H
0.991317 7 9 10 H
1.035911 7 9 11 H
1.061753 7 9 12 H
1.095151 7 9 13 H
1.136378 7 9 12 H
1.228440 7 10 12 H
1.264178 7 10 13 H
1.308498 7 9 13 H
1.362811 7 10 13 H
1.381068 7 10 12 H
1.445342 7 10 13 H
1.485877 7 10 14 H
1.521584 7 10 13 H
1.539915 7 9 13 H
1.553298 7 8 13 H
1.601783 7 8 12 H
1.623498 7 7 12 H
1.660636 7 8 12 H
1.712941 7 9 12 H
1.756317 7 9 13 H
0.000176 8 6 5 I
0.018685 8 6 6 I
0.054923 8 5 6 I
0.096077 8 5 7 I
0.122934 8 4 7 I
0.159930 8 4 8 I
0.185936 8 4 9 I
0.214712 8 4 8 I
0.238489 8 4 9 I
0.292161 8 3 9 I
0.337832 8 2 9 I
0.372055 8 2 8 I
0.442193 8 2 9 I
0.500123 8 2 8 I
0.545167 8 3 8 I
0.595061 8 3 9 I
0.620813 8 3 8 I
0.631396 8 2 8 I
0.657920 8 3 8 I
0.681276 8 2 8 I
0.730042 8 2 7 I
0.757823 8 3 7 I
0.803010 8 3 8 I
0.838778 8 3 9 I
0.858760 8 3 8 I
0.895071 8 3 9 I
0.933303 8 4 9 I
0.970031 8 4 8 I
0.994287 8 4 7 I
1.039075 8 3 7 I
1.092928 8 3 8 I
1.128481 8 4 8 I
1.168658 8 5 8 I
1.228446 8 4 8 I
1.246837 8 3 8 I
1.277258 8 4 8 I
1.327070 8 4 9 I
1.362814 8 5 9 I
1.416575 8 5 10 I
1.445340 8 6 10 I
1.489452 8 7 10 I
1.516526 8 6 10 I
1.539918 8 6 9 I
1.572838 8 7 9 I
1.611169 8 7 10 I
1.629319 8 7 9 I
1.645028 8 7 10 I
1.683940 8 6 10 I
1.735548 8 5 10 I
1.780229 8 5 9 I
1.797742 8 5 10 I
0.000175 5 14 1 F
0.034160 5 14 2 F
0.054899 5 14 3 F
0.089531 5 13 3 F
0.122882 5 13 4 F
0.160062 5 12 4 F
0.196285 5 12 3 F
0.214716 5 13 3 F
0.267652 5 14 3 F
0.321713 5 13 3 F
0.344204 5 14 3 F
0.372056 5 14 4 F
0.442192 5 14 3 F
0.500119 5 14 4 F
0.531662 5 0 4 F
0.568911 5 0 5 F
0.594985 5 1 5 F
0.620867 5 0 5 F
0.654019 5 0 6 F
0.700782 5 0 5 F
0.745946 5 0 6 F
0.779011 5 1 6 F
0.826386 5 2 6 F
0.844746 5 2 7 F
0.866521 5 3 7 F
0.887533 5 4 7 F
0.937387 5 4 6 F
0.972609 5 4 5 F
0.987492 5 3 5 F
1.016901 5 3 4 F
1.071029 5 3 3 F
1.095155 5 3 2 F
1.126770 5 2 2 F
1.163350 5 2 3 F
1.228437 5 3 3 F
1.277255 5 3 2 F
1.304584 5 3 3 F
1.362812 5 4 3 F
1.416588 5 4 4 F
1.445400 5 5 4 F
1.489451 5 5 5 F
1.532018 5 5 4 F
1.545363 5 6 4 F
1.597300 5 5 4 F
1.647086 5 6 4 F
1.665069 5 6 3 F
1.686041 5 6 2 F
1.696920 5 6 1 F
1.750599 5 6 0 F
1.778598 5 7 0 F
1.796012 5 7 14 F
1.852370 5 7 0 F
1.874074 5 7 14 F
0.000177 12 12 7 M
0.018702 12 11 7 M
0.069163 12 12 7 M
0.084417 12 11 7 M
0.106477 12 11 6 M
0.122875 12 11 5 M
0.160059 12 12 5 M
0.185970 12 11 5 M
0.207445 12 11 4 M
0.268037 12 11 5 M
0.321548 12 12 5 M
0.338051 12 13 5 M
0.373580 12 13 4 M
0.442214 12 12 4 M
0.500083 12 11 4 M
0.541360 12 11 5 M
0.595022 12 11 6 M
0.627213 12 10 6 M
0.655750 12 10 7 M
0.673456 12 10 8 M
0.712320 12 11 8 M
0.734311 12 10 8 M
0.747701 12 9 8 M
0.799012 12 9 9 M
0.832287 12 9 8 M
0.880378 12 9 7 M
0.906233 12 10 7 M
0.936216 12 10 6 M
0.970067 12 11 6 M
1.016898 12 11 7 M
1.035952 12 12 7 M
1.084232 12 11 7 M
1.126782 12 11 6 M
1.228442 12 11 5 M
1.265461 12 11 4 M
1.304581 12 10 4 M
1.330795 12 10 5 M
1.375183 12 10 6 M
1.416583 12 11 6 M
1.445398 12 12 6 M
1.495917 12 12 7 M
1.516405 12 12 8 M
1.553349 12 13 8 M
1.570688 12 13 7 M
1.588581 12 13 6 M
1.623496 12 13 7 M
1.664857 12 14 7 M
1.684101 12 14 8 M
1.712942 12 14 9 M
1.735712 12 14 8 M
1.778486 12 13 8 M
1.852376 12 13 9 M
1.865254 12 13 10 M
1.907541 12 14 10 M
1.974076 12 14 9 M
2.014683 12 14 8 M
2.031754 12 13 8 M
2.053057 12 12 8 M
2.077602 12 13 8 M
2.121832 12 12 8 M
2.157234 12 12 9 M
2.198003 12 13 9 M
2.219110 12 12 9 M
2.256923 12 11 9 M
2.329242 12 11 10 M
2.348414 12 11 9 M
2.504639 12 12 9 M
2.589677 12 13 9 M
0.000177 13 7 13 N
0.030290 13 6 13 N
0.054928 13 6 14 N
0.087408 13 6 0 N
0.122937 13 7 0 N
0.159927 13 8 0 N
0.191395 13 8 14 N
0.241931 13 7 14 N
0.292158 13 8 14 N
0.321715 13 8 0 N
0.338056 13 8 14 N
0.442217 13 7 14 N
0.500084 13 7 0 N
0.531570 13 6 0 N
0.556002 13 5 0 N
0.597425 13 6 0 N
0.635436 13 6 14 N
0.669776 13 6 0 N
0.684208 13 6 1 N
0.712473 13 7 1 N
0.726280 13 6 1 N
0.759688 13 6 2 N
0.791117 13 5 2 N
0.820509 13 5 1 N
0.850174 13 6 1 N
0.874411 13 6 0 N
0.887514 13 7 0 N
0.917307 13 7 14 N
0.954744 13 8 14 N
0.996171 13 8 13 N
1.016902 13 8 12 N
1.051406 13 8 11 N
1.070717 13 7 11 N
1.103241 13 8 11 N
1.163347 13 7 11 N
1.228449 13 6 11 N
1.258657 13 7 11 N
1.304619 13 6 11 N
1.327193 13 6 10 N
1.364589 13 5 10 N
1.416568 13 5 11 N
1.445344 13 4 11 N
1.458132 13 4 10 N
1.483462 13 3 10 N
1.526651 13 4 10 N
1.553351 13 5 10 N
1.576263 13 4 10 N
1.611175 13 3 10 N
1.626339 13 2 10 N
1.643367 13 2 9 N
1.665129 13 2 8 N
1.684105 13 1 8 N
1.726873 13 1 9 N
1.750600 13 1 10 N
1.765629 13 2 10 N
1.796014 13 2 9 N
1.852377 13 2 8 N
1.905397 13 3 8 N
1.921010 13 2 8 N
1.974092 13 3 8 N
2.014604 13 3 9 N
2.053055 13 3 8 N
2.092829 13 3 9 N
2.115916 13 4 9 N
2.128530 13 4 10 N
2.151465 13 5 10 N
2.197986 13 5 9 N
2.256804 13 5 8 N
2.329244 13 6 8 N
2.377167 13 5 8 N
2.504631 13 5 7 N
2.590163 13 5 8 N
2.608459 13 5 9 N
0.000176 9 2 11 J
0.015877 9 3 11 J
0.061755 9 4 11 J
0.095959 9 4 10 J
0.131424 9 3 10 J
0.160067 9 2 10 J
0.194454 9 3 10 J
0.238742 9 4 10 J
0.291964 9 4 9 J
0.321551 9 5 9 J
0.340158 9 5 8 J
0.442163 9 4 8 J
0.500124 9 4 7 J
0.555960 9 5 7 J
0.584118 9 6 7 J
0.607827 9 6 6 J
0.645039 9 6 5 J
0.675432 9 5 5 J
0.717476 9 5 6 J
0.734198 9 5 7 J
0.777012 9 5 8 J
0.802847 9 5 7 J
0.817092 9 5 8 J
0.850202 9 5 9 J
0.878458 9 4 9 J
0.926501 9 4 8 J
0.946625 9 5 8 J
0.965012 9 5 9 J
1.004512 9 5 8 J
1.026530 9 6 8 J
1.074794 9 7 8 J
1.103071 9 7 9 J
1.136358 9 7 10 J
1.163528 9 7 11 J
1.228405 9 7 10 J
1.244132 9 6 10 J
1.277256 9 6 11 J
1.317910 9 7 11 J
1.362733 9 6 11 J
1.416563 9 5 11 J
1.455981 9 4 11 J
1.489447 9 5 11 J
1.532039 9 5 10 J
1.570649 9 4 10 J
1.597524 9 4 9 J
1.623493 9 5 9 J
1.645032 9 6 9 J
1.674703 9 6 10 J
1.686045 9 6 9 J
1.712984 9 6 10 J
1.726869 9 7 10 J
1.768383 9 6 10 J
1.852408 9 7 10 J
1.873982 9 6 10 J
1.905337 9 7 10 J
1.921218 9 8 10 J
1.974079 9 8 11 J
2.014666 9 8 12 J
2.044071 9 7 12 J
2.092882 9 6 12 J
2.136484 9 5 12 J
2.155478 9 4 12 J
2.197888 9 5 12 J
2.256921 9 5 13 J
2.329247 9 6 13 J
2.358484 9 5 13 J
2.504637 9 5 12 J
2.590102 9 5 11 J
2.614541 9 4 11 J
2.664120 9 4 12 J
2.703306 9 4 11 J
2.727662 9 4 12 J
2.754482 9 4 11 J
0.000176 10 5 6 K
0.054926 10 5 5 K
0.097904 10 5 4 K
0.122879 10 5 3 K
0.160069 10 5 4 K
0.185968 10 5 3 K
0.207440 10 5 4 K
0.238740 10 5 5 K
0.291957 10 5 6 K
0.321545 10 6 6 K
0.372019 10 5 6 K
0.442225 10 4 6 K
0.500078 10 4 5 K
0.536327 10 5 5 K
0.595062 10 4 5 K
0.618738 10 3 5 K
0.652075 10 3 4 K
0.694071 10 4 4 K
0.744103 10 4 5 K
0.759693 10 4 4 K
0.781888 10 4 3 K
0.805073 10 4 4 K
0.834065 10 3 4 K
0.871407 10 4 4 K
0.915284 10 4 3 K
0.956323 10 5 3 K
0.977008 10 6 3 K
1.011184 10 5 3 K
1.035914 10 5 2 K
1.084255 10 5 1 K
1.128484 10 5 0 K
1.163531 10 4 0 K
1.228332 10 4 1 K
1.246853 10 4 2 K
1.277251 10 4 3 K
1.304578 10 3 3 K
1.330792 10 2 3 K
1.362807 10 1 3 K
1.416610 10 0 3 K
1.445270 10 14 3 K
1.467193 10 14 2 K
1.483464 10 13 2 K
1.526647 10 13 1 K
1.543199 10 12 1 K
1.560226 10 11 1 K
1.611173 10 11 2 K
1.650778 10 11 3 K
1.684104 10 12 3 K
1.712937 10 12 4 K
1.724926 10 12 3 K
1.765957 10 13 3 K
1.778481 10 13 4 K
1.796007 10 14 4 K
1.852378 10 14 5 K
1.874126 10 0 5 K
1.905341 10 0 4 K
1.974074 10 1 4 K
2.014684 10 1 3 K
2.065964 10 1 4 K
2.110128 10 1 3 K
2.137646 10 1 4 K
2.171469 10 2 4 K
2.197984 10 2 5 K
2.256835 10 3 5 K
2.329260 10 3 6 K
2.367106 10 4 6 K
2.504710 10 4 7 K
2.589391 10 4 6 K
2.635116 10 5 6 K
2.677522 10 6 6 K
2.703514 10 7 6 K
2.744808 10 7 5 K
2.776543 10 8 5 K
2.803272 10 9 5 K
2.856709 10 9 6 K
2.874204 10 8 6 K
2.903494 10 9 6 K
2.949399 10 10 6 K
3.000588 10 9 6 K
3.025353 10 9 5 K
0.000174 2 1 3 C
0.054925 2 1 2 C
0.097898 2 2 2 C
0.160063 2 2 1 C
0.207471 2 2 0 C
0.268040 2 2 14 C
0.321553 2 2 13 C
0.372016 2 1 13 C
0.442220 2 1 12 C
0.500075 2 1 11 C
0.545326 2 0 11 C
0.595021 2 0 10 C
0.627210 2 14 10 C
0.643474 2 0 10 C
0.658073 2 0 9 C
0.675470 2 0 8 C
0.723483 2 14 8 C
0.765324 2 13 8 C
0.805155 2 13 9 C
0.854640 2 14 9 C
0.871411 2 13 9 C
0.902185 2 13 10 C
0.915255 2 13 9 C
0.965014 2 13 10 C
0.994286 2 13 9 C
1.035912 2 13 8 C
1.061757 2 13 9 C
1.084236 2 14 9 C
1.126780 2 0 9 C
1.163349 2 0 10 C
1.228443 2 1 10 C
1.264175 2 1 11 C
1.308501 2 0 11 C
1.327072 2 0 12 C
1.375179 2 1 12 C
1.416581 2 0 12 C
1.455881 2 14 12 C
1.483458 2 14 11 C
1.532022 2 14 12 C
1.560395 2 14 13 C
1.583172 2 14 14 C
1.639177 2 13 14 C
1.683934 2 13 0 C
1.712980 2 12 0 C
1.728217 2 13 0 C
1.756450 2 12 0 C
1.796042 2 12 14 C
1.852406 2 13 14 C
1.905344 2 12 14 C
1.974078 2 11 14 C
2.014686 2 11 0 C
2.044098 2 10 0 C
2.083337 2 9 0 C
2.130535 2 10 0 C
2.154124 2 11 0 C
2.219093 2 10 0 C
2.256800 2 10 14 C
2.329245 2 10 13 C
2.364185 2 10 12 C
2.504635 2 9 12 C
2.590175 2 8 12 C
2.614537 2 8 13 C
2.634951 2 8 14 C
2.646580 2 9 14 C
2.685838 2 8 14 C
2.703302 2 8 0 C
2.727656 2 9 0 C
2.764935 2 9 1 C
2.803437 2 8 1 C
2.856755 2 7 1 C
2.887669 2 6 1 C
2.943491 2 6 0 C
2.970601 2 5 0 C
3.000424 2 5 1 C
3.027904 2 6 1 C
3.040359 2 5 1 C
3.087822 2 6 1 C
3.118619 2 6 0 C
3.148664 2 5 0 C
3.168344 2 5 14 C
3.215597 2 5 0 C
3.244418 2 5 1 C
3.284261 2 4 1 C
3.334663 2 5 1 C
3.369354 2 5 0 C
3.417237 2 5 1 C
3.498109 2 6 1 C
0.000177 11 8 13 L
0.030373 11 9 13 L
0.054801 11 9 14 L
0.072088 11 9 13 L
0.089535 11 9 14 L
0.122880 11 9 0 L
0.164629 11 9 14 L
0.207442 11 10 14 L
0.244102 11 10 0 L
0.291963 11 10 1 L
0.338054 11 9 1 L
0.442219 11 8 1 L
0.500081 11 9 1 L
0.541356 11 8 1 L
0.594981 11 7 1 L
0.611904 11 8 1 L
0.633519 11 7 1 L
0.654050 11 8 1 L
0.679274 11 7 1 L
0.728068 11 6 1 L
0.751889 11 6 2 L
0.777135 11 5 2 L
0.817093 11 5 3 L
0.832249 11 5 2 L
0.862601 11 6 2 L
0.881458 11 7 2 L
0.909783 11 7 1 L
0.922717 11 8 1 L
0.936212 11 7 1 L
0.972708 11 8 1 L
0.998376 11 8 2 L
1.049420 11 8 1 L
1.103032 11 9 1 L
1.163532 11 9 2 L
1.228406 11 9 1 L
1.239979 11 9 0 L
1.278943 11 8 0 L
1.304621 11 8 1 L
1.327189 11 8 0 L
1.362737 11 8 1 L
1.416566 11 8 0 L
1.455885 11 8 1 L
1.473042 11 7 1 L
1.516401 11 8 1 L
1.570690 11 7 1 L
1.601740 11 7 0 L
1.653161 11 7 1 L
1.696755 11 6 1 L
1.723028 11 5 1 L
1.750595 11 5 0 L
1.784408 11 5 1 L
1.852374 11 4 1 L
1.874123 11 4 0 L
1.921215 11 3 0 L
1.974070 11 4 0 L
2.014682 11 4 1 L
2.052753 11 5 1 L
2.083320 11 5 0 L
2.110056 11 6 0 L
2.151314 11 5 0 L
2.166840 11 4 0 L
2.197892 11 3 0 L
2.230644 11 3 1 L
2.256932 11 3 2 L
2.329240 11 4 2 L
2.348419 11 3 2 L
2.504640 11 3 1 L
2.590167 11 4 1 L
2.614542 11 4 2 L
2.634955 11 4 1 L
2.685894 11 4 2 L
2.738265 11 5 2 L
2.780441 11 4 2 L
2.803455 11 3 2 L
2.814387 11 3 1 L
2.861533 11 2 1 L
2.903490 11 2 0 L
2.933475 11 2 14 L
2.970645 11 2 13 L
3.025777 11 2 12 L
3.040363 11 2 11 L
3.056320 11 1 11 L
3.093382 11 1 12 L
3.115564 11 0 12 L
3.161664 11 0 13 L
3.180119 11 1 13 L
3.220493 11 0 13 L
3.244342 11 14 13 L
3.276600 11 0 13 L
3.327441 11 14 13 L
3.369312 11 13 13 L
3.409601 11 12 13 L
3.498270 11 12 14 L
3.527676 11 12 13 L
0.000178 14 0 0 O
0.054921 14 14 0 O
0.106648 14 0 0 O
0.159929 14 0 14 O
0.185935 14 0 13 O
0.238580 14 0 14 O
0.292163 14 0 13 O
0.337836 14 14 13 O
0.442165 14 0 13 O
0.500118 14 14 13 O
0.531664 14 14 14 O
0.584115 14 13 14 O
0.627105 14 13 13 O
0.643359 14 13 12 O
0.679278 14 13 13 O
0.691554 14 13 14 O
0.728276 14 12 14 O
0.742181 14 12 0 O
0.791056 14 11 0 O
0.817057 14 11 14 O
0.866504 14 10 14 O
0.880396 14 10 13 O
0.928479 14 10 14 O
0.954740 14 11 14 O
0.994253 14 12 14 O
1.049416 14 12 0 O
1.092965 14 12 1 O
1.118914 14 13 1 O
1.163378 14 14 1 O
1.228444 14 0 1 O
1.255758 14 0 2 O
1.304582 14 14 2 O
1.327063 14 14 3 O
1.375185 14 14 4 O
1.416570 14 0 4 O
1.466957 14 1 4 O
1.516407 14 1 5 O
1.543218 14 2 5 O
1.575071 14 3 5 O
1.615472 14 2 5 O
1.664719 14 2 6 O
1.683938 14 2 7 O
1.712995 14 1 7 O
1.735544 14 0 7 O
1.778595 14 0 8 O
1.852409 14 1 8 O
1.905342 14 2 8 O
1.974075 14 2 7 O
2.014664 14 3 7 O
2.052758 14 2 7 O
2.108210 14 2 8 O
2.140555 14 2 9 O
2.197987 14 2 8 O
2.219098 14 2 9 O
2.276532 14 3 9 O
2.329236 14 3 10 O
2.358467 14 2 10 O
2.504642 14 1 10 O
2.590164 14 0 10 O
2.623509 14 0 11 O
2.656789 14 14 11 O
2.685876 14 13 11 O
2.703518 14 14 11 O
2.744813 14 0 11 O
2.803454 14 1 11 O
2.837413 14 2 11 O
2.872062 14 2 12 O
2.887620 14 2 13 O
2.918883 14 2 12 O
2.933279 14 3 12 O
2.970598 14 2 12 O
3.025290 14 2 11 O
3.040364 14 2 12 O
3.066592 14 2 13 O
3.093252 14 2 14 O
3.115700 14 3 14 O
3.161849 14 4 14 O
3.183402 14 3 14 O
3.212835 14 2 14 O
3.231801 14 2 0 O
3.260915 14 3 0 O
3.296643 14 3 1 O
3.318279 14 3 2 O
3.369352 14 3 1 O
3.417219 14 3 2 O
3.498274 14 3 3 O
3.514437 14 4 3 O
3.586188 14 5 3 O
3.616323 14 5 2 O
3.678011 14 5 1 O
3.718270 14 6 1 O
3.739546 14 7 1 O
3.788047 14 7 0 O
3.818269 14 7 14 O
