-1  15  15  15
 0.000000000  5  5  5  F
 0.004203542  5  6  5  F
 0.058140150  5  7  5  F
 0.091905937  5  8  5  F
 0.134248101  5  9  5  F
 0.173702287  5  10  5  F
 0.202389956  5  11  5  F
 0.232190672  5  12  5  F
 0.259450970  5  13  5  F
 0.277760413  5  14  5  F
 0.306264339  5  0  5  F
 0.361308537  5  1  5  F
 0.385720270  5  2  5  F
 0.410451053  5  3  5  F
 0.463541781  5  4  5  F
 0.000000000  8  8  8  I
 0.004933383  8  8  9  I
 0.029438509  8  8  10  I
 0.044905074  8  8  11  I
 0.065406945  8  8  12  I
 0.103865837  8  8  13  I
 0.134373023  8  8  14  I
 0.179256403  8  8  0  I
 0.232233276  8  8  1  I
 0.252540847  8  8  2  I
 0.270378620  8  8  3  I
 0.294253280  8  8  4  I
 0.329997600  8  8  5  I
 0.372438992  8  8  6  I
 0.426311158  8  8  7  I
 0.467645592  8  8  8  I
 0.000000000  4  4  4  E
 0.003901456  4  4  5  E
 0.043634143  4  4  6  E
 0.054742875  4  4  7  E
 0.098893200  4  4  8  E
 0.134537237  4  4  9  E
 0.152399393  4  4  10  E
 0.179260380  4  4  11  E
 0.222075587  4  4  12  E
 0.259551340  4  4  13  E
 0.299824772  4  4  14  E
 0.345983995  4  4  0  E
 0.372599453  4  4  1  E
 0.387885914  4  4  2  E
 0.410483171  4  4  3  E
 0.463743098  4  4  4  E
 0.486188665  4  4  4  e
 0.000000000  7  7  7  H
 0.004657359  7  6  7  H
 0.047863677  7  5  7  H
 0.089251372  7  4  7  H
 0.134554141  7  3  7  H
 0.149288134  7  2  7  H
 0.202491534  7  1  7  H
 0.232269377  7  0  7  H
 0.256453507  7  14  7  H
 0.273965944  7  13  7  H
 0.317756072  7  12  7  H
 0.372526353  7  11  7  H
 0.391995464  7  10  7  H
 0.426287583  7  9  7  H
 0.455919651  7  8  7  H
 0.509601406  7  7  7  H
 0.560727738  7  6  7  H
 0.603341970  7  5  7  H
 0.000000000  1  1  1  B
 0.003202431  1  0  1  B
 0.032202433  1  14  1  B
 0.107624805  1  13  1  B
 0.143896082  1  12  1  B
 0.173595132  1  11  1  B
 0.187914953  1  10  1  B
 0.209274349  1  9  1  B
 0.252560037  1  8  1  B
 0.277784440  1  7  1  B
 0.312686649  1  6  1  B
 0.345947646  1  5  1  B
 0.372580534  1  4  1  B
 0.410495982  1  3  1  B
 0.440313747  1  2  1  B
 0.504937431  1  1  1  B
 0.529284984  1  0  1  B
 0.575816757  1  14  1  B
 0.608220279  1  13  1  B
 0.636153542  1  12  1  B
 0.670305588  1  11  1  B
 0.708383004  1  10  1  B
 0.742469933  1  9  1  B
 0.792775687  1  8  1  B
 0.813412559  1  7  1  B
 0.861487166  1  6  1  B
 0.882898632  1  5  1  B
 0.900381903  1  4  1  B
 0.913005467  1  3  1  B
 0.945146496  1  2  1  B
 0.956727142  1  1  1  B
 1.005271281  1  0  1  B
 1.037488201  1  14  1  B
 1.089340050  1  13  1  B
 1.130410191  1  12  1  B
 1.153109796  1  11  1  B
 1.174434262  1  10  1  B
 1.190941469  1  9  1  B
 1.238203622  1  8  1  B
 1.289363262  1  7  1  B
 1.328227084  1  6  1  B
 0.000000000  12  12  12  M
 0.006084836  12  12  11  M
 0.041922687  12  12  10  M
 0.085063446  12  12  9  M
 0.134508298  12  12  8  M
 0.184198288  12  12  7  M
 0.232269496  12  12  6  M
 0.280795064  12  12  5  M
 0.294901075  12  12  4  M
 0.312604280  12  12  3  M
 0.334524057  12  12  2  M
 0.382764906  12  12  1  M
 0.430118899  12  12  0  M
 0.443337026  12  12  14  M
 0.486220381  12  12  13  M
 0.529275309  12  12  12  M
 0.561020301  12  12  11  M
 0.603366421  12  12  10  M
 0.644119970  12  12  9  M
 0.683654657  12  12  8  M
 0.696975388  12  12  7  M
 0.723248846  12  12  6  M
 0.759018575  12  12  5  M
 0.793310541  12  12  4  M
 0.830159035  12  12  3  M
 0.861178817  12  12  2  M
 0.900359877  12  12  1  M
 0.945156042  12  12  0  M
 0.983816674  12  12  14  M
 1.007295102  12  12  13  M
 1.060924499  12  12  12  M
 1.089348905  12  12  11  M
 1.105912448  12  12  10  M
 1.130360862  12  12  9  M
 1.158619033  12  12  8  M
 1.188719932  12  12  7  M
 1.227618780  12  12  6  M
 1.248232472  12  12  5  M
 1.273644414  12  12  4  M
 1.320206066  12  12  3  M
 1.369132431  12  12  2  M
 1.396319671  12  12  1  M
 0.000000000  2  2  2  C
 0.003444899  2  2  3  C
 0.044311306  2  2  4  C
 0.054725400  2  2  5  C
 0.079040475  2  2  6  C
 0.134546029  2  2  7  C
 0.179277810  2  2  8  C
 0.202471212  2  2  9  C
 0.259486185  2  2  10  C
 0.280770069  2  2  11  C
 0.297892920  2  2  12  C
 0.346334841  2  2  13  C
 0.392018529  2  2  14  C
 0.418441936  2  2  0  C
 0.440335621  2  2  1  C
 0.455882507  2  2  2  C
 0.504826270  2  2  3  C
 0.547002694  2  2  4  C
 0.593592597  2  2  5  C
 0.625329043  2  2  6  C
 0.662473335  2  2  7  C
 0.683506149  2  2  8  C
 0.717551387  2  2  9  C
 0.767022596  2  2  10  C
 0.813282738  2  2  11  C
 0.834180662  2  2  12  C
 0.853782346  2  2  13  C
 0.900379256  2  2  14  C
 0.929750245  2  2  0  C
 0.961123103  2  2  1  C
 1.005327566  2  2  2  C
 1.055685847  2  2  3  C
 1.092304491  2  2  4  C
 1.130506565  2  2  5  C
 1.167281382  2  2  6  C
 1.227640909  2  2  7  C
 1.282370279  2  2  8  C
 1.306295428  2  2  9  C
 1.359385668  2  2  10  C
 1.396362332  2  2  11  C
 1.450553064  2  2  12  C
 1.484539413  2  2  13  C
 1.506495439  2  2  14  C
 0.000000000  3  3  3  D
 0.003670626  3  2  3  D
 0.056665067  3  1  3  D
 0.076123052  3  0  3  D
 0.103696734  3  14  3  D
 0.173580309  3  13  3  D
 0.216396327  3  12  3  D
 0.259435938  3  11  3  D
 0.294271663  3  10  3  D
 0.324465120  3  9  3  D
 0.372567086  3  8  3  D
 0.418401187  3  7  3  D
 0.455911553  3  6  3  D
 0.503018879  3  5  3  D
 0.534672523  3  4  3  D
 0.560975029  3  3  3  D
 0.592033057  3  2  3  D
 0.607759784  3  1  3  D
 0.660938819  3  0  3  D
 0.708403315  3  14  3  D
 0.723259099  3  13  3  D
 0.745017342  3  12  3  D
 0.773146329  3  11  3  D
 0.813269807  3  10  3  D
 0.861283010  3  9  3  D
 0.882929297  3  8  3  D
 0.900392155  3  7  3  D
 0.945125630  3  6  3  D
 0.986094470  3  5  3  D
 1.000661774  3  4  3  D
 1.037513212  3  3  3  D
 1.074141877  3  2  3  D
 1.130624956  3  1  3  D
 1.169193312  3  0  3  D
 1.213625674  3  14  3  D
 1.239154255  3  13  3  D
 1.273201499  3  12  3  D
 1.291127122  3  11  3  D
 1.341119878  3  10  3  D
 1.369591373  3  9  3  D
 1.418765182  3  8  3  D
 1.450524222  3  7  3  D
 1.484522231  3  6  3  D
 1.515528807  3  5  3  D
 1.546343570  3  4  3  D
 0.000000000  10  10  10  K
 0.005489354  10  10  9  K
 0.052665052  10  10  8  K
 0.085089578  10  10  7  K
 0.134527331  10  10  6  K
 0.173608463  10  10  5  K
 0.232244405  10  10  4  K
 0.267043936  10  10  3  K
 0.281058660  10  10  2  K
 0.312581763  10  10  1  K
 0.325307420  10  10  0  K
 0.373987642  10  10  14  K
 0.419376469  10  10  13  K
 0.467501966  10  10  12  K
 0.502994527  10  10  11  K
 0.529252585  10  10  10  K
 0.544697110  10  10  9  K
 0.592204410  10  10  8  K
 0.640074265  10  10  7  K
 0.679650039  10  10  6  K
 0.708412593  10  10  5  K
 0.747947890  10  10  4  K
 0.773122002  10  10  3  K
 0.813397835  10  10  2  K
 0.861271007  10  10  1  K
 0.901358652  10  10  0  K
 0.923904663  10  10  14  K
 0.953104188  10  10  13  K
 0.997774182  10  10  12  K
 1.048694925  10  10  11  K
 1.099413299  10  10  10  K
 1.113649263  10  10  9  K
 1.141448025  10  10  8  K
 1.170246378  10  10  7  K
 1.198324289  10  10  6  K
 1.211185047  10  10  5  K
 1.256326845  10  10  4  K
 1.289347714  10  10  3  K
 1.320165327  10  10  2  K
 1.369213599  10  10  1  K
 1.408253094  10  10  0  K
 1.451422242  10  10  14  K
 1.506380920  10  10  13  K
 1.526259000  10  10  12  K
 1.569595402  10  10  11  K
 0.000000000  6  6  6  G
 0.004437128  6  6  5  G
 0.045889448  6  6  4  G
 0.057579750  6  6  3  G
 0.103880756  6  6  2  G
 0.134563541  6  6  1  G
 0.157520772  6  6  0  G
 0.173591696  6  6  14  G
 0.192967439  6  6  13  G
 0.222063453  6  6  12  G
 0.246172294  6  6  11  G
 0.267027908  6  6  10  G
 0.312623517  6  6  9  G
 0.324487430  6  6  8  G
 0.372561552  6  6  7  G
 0.384970399  6  6  6  G
 0.410453473  6  6  5  G
 0.440333405  6  6  4  G
 0.463773399  6  6  3  G
 0.534685703  6  6  2  G
 0.546795892  6  6  1  G
 0.592207249  6  6  0  G
 0.630210756  6  6  14  G
 0.661280755  6  6  13  G
 0.679671744  6  6  12  G
 0.696954258  6  6  11  G
 0.742442406  6  6  10  G
 0.773158005  6  6  9  G
 0.813428566  6  6  8  G
 0.830218302  6  6  7  G
 0.848722553  6  6  6  G
 0.861373314  6  6  5  G
 0.901337355  6  6  4  G
 0.928800398  6  6  3  G
 0.954858503  6  6  2  G
 0.981261884  6  6  1  G
 1.012309506  6  6  0  G
 1.061121879  6  6  14  G
 1.097382811  6  6  13  G
 1.111974515  6  6  12  G
 1.130385455  6  6  11  G
 1.191201171  6  6  10  G
 1.237609426  6  6  9  G
 1.263938433  6  6  8  G
 1.299211615  6  6  7  G
 1.335474490  6  6  6  G
 1.359332333  6  6  5  G
 1.408275045  6  6  4  G
 1.450583415  6  6  3  G
 1.484531307  6  6  2  G
 1.515494137  6  6  2  g
 0.000000000  14  14  14  O
 0.007179426  14  14  0  O
 0.044151090  14  14  1  O
 0.056655608  14  14  2  O
 0.107535054  14  14  3  O
 0.134475305  14  14  4  O
 0.173508274  14  14  5  O
 0.221775516  14  14  6  O
 0.270406152  14  14  7  O
 0.317782419  14  14  8  O
 0.361269887  14  14  9  O
 0.397102702  14  14  10  O
 0.440313804  14  14  11  O
 0.474330403  14  14  12  O
 0.505144959  14  14  13  O
 0.553657525  14  14  14  O
 0.603288549  14  14  0  O
 0.621406300  14  14  1  O
 0.641201869  14  14  2  O
 0.670288909  14  14  3  O
 0.684906714  14  14  4  O
 0.708382972  14  14  5  O
 0.755069872  14  14  6  O
 0.784947494  14  14  7  O
 0.830159029  14  14  8  O
 0.882838310  14  14  9  O
 0.928856345  14  14  10  O
 0.961156651  14  14  11  O
 0.973463777  14  14  12  O
 0.992745873  14  14  13  O
 1.012235889  14  14  14  O
 1.055708987  14  14  0  O
 1.103172757  14  14  1  O
 1.130429465  14  14  2  O
 1.153046951  14  14  3  O
 1.198324212  14  14  4  O
 1.215728281  14  14  5  O
 1.256349369  14  14  6  O
 1.270745484  14  14  7  O
 1.308308631  14  14  8  O
 1.335497410  14  14  9  O
 1.359376130  14  14  10  O
 1.408256951  14  14  11  O
 1.450608344  14  14  12  O
 1.484492570  14  14  13  O
 1.506505447  14  14  14  O
 1.521347719  14  14  0  O
 1.558496797  14  14  1  O
 1.594422737  14  14  2  O
 1.645419099  14  14  3  O
 0.000000000  11  11  11  L
 0.005686972  11  10  11  L
 0.029421551  11  9  11  L
 0.044917477  11  8  11  L
 0.103890745  11  7  11  L
 0.149277655  11  6  11  L
 0.184440252  11  5  11  L
 0.232958575  11  4  11  L
 0.259537149  11  3  11  L
 0.294933084  11  2  11  L
 0.346486522  11  1  11  L
 0.372589926  11  0  11  L
 0.385092382  11  14  11  L
 0.430140801  11  13  11  L
 0.474295353  11  12  11  L
 0.514823209  11  11  11  L
 0.530168914  11  10  11  L
 0.561032684  11  9  11  L
 0.592168201  11  8  11  L
 0.632151506  11  7  11  L
 0.670263906  11  6  11  L
 0.684648984  11  5  11  L
 0.733473688  11  4  11  L
 0.767033615  11  3  11  L
 0.784976273  11  2  11  L
 0.813309372  11  1  11  L
 0.830035763  11  0  11  L
 0.861371232  11  14  11  L
 0.882680884  11  13  11  L
 0.918577126  11  12  11  L
 0.945139531  11  11  11  L
 0.961147528  11  10  11  L
 0.981063122  11  9  11  L
 1.028253207  11  8  11  L
 1.068858101  11  7  11  L
 1.097405430  11  6  11  L
 1.141509638  11  5  11  L
 1.191017506  11  4  11  L
 1.237667871  11  3  11  L
 1.271034719  11  2  11  L
 1.299258714  11  1  11  L
 1.328159920  11  0  11  L
 1.369149442  11  14  11  L
 1.396347639  11  13  11  L
 1.413931738  11  12  11  L
 1.450599943  11  11  11  L
 1.484476792  11  10  11  L
 1.511210467  11  9  11  L
 1.546432021  11  8  11  L
 1.593607219  11  7  11  L
 1.645428553  11  6  11  L
 1.671974741  11  5  11  L
 1.717376651  11  4  11  L
 0.000000000  13  13  13  N
 0.006984304  13  12  13  N
 0.051714504  13  11  13  N
 0.091888581  13  10  13  N
 0.137121401  13  9  13  N
 0.151949794  13  8  13  N
 0.192938912  13  7  13  N
 0.232284918  13  6  13  N
 0.274095018  13  5  13  N
 0.312614095  13  4  13  N
 0.345997750  13  3  13  N
 0.372701371  13  2  13  N
 0.418615994  13  1  13  N
 0.463682388  13  0  13  N
 0.502843728  13  14  13  N
 0.534693702  13  13  13  N
 0.547021183  13  12  13  N
 0.575645034  13  11  13  N
 0.603311691  13  10  13  N
 0.630426794  13  9  13  N
 0.679737133  13  8  13  N
 0.723206110  13  7  13  N
 0.742461240  13  6  13  N
 0.792791257  13  5  13  N
 0.819107240  13  4  13  N
 0.846827759  13  3  13  N
 0.882918834  13  2  13  N
 0.929890837  13  1  13  N
 0.980850039  13  0  13  N
 1.037549953  13  14  13  N
 1.075153404  13  13  13  N
 1.092438255  13  12  13  N
 1.113765322  13  11  13  N
 1.162521909  13  10  13  N
 1.178108100  13  9  13  N
 1.237643481  13  8  13  N
 1.289393785  13  7  13  N
 1.328230518  13  6  13  N
 1.372204349  13  5  13  N
 1.416875090  13  4  13  N
 1.458415884  13  3  13  N
 1.506411267  13  2  13  N
 1.546403010  13  1  13  N
 1.569839353  13  0  13  N
 1.593632394  13  14  13  N
 1.645462291  13  13  13  N
 1.685598018  13  12  13  N
 1.702912216  13  11  13  N
 1.747915439  13  10  13  N
 1.801695921  13  9  13  N
 1.857895480  13  8  13  N
 1.892519825  13  7  13  N
 1.943010842  13  6  13  N
 1.974912996  13  5  13  N
 2.016023607  13  4  13  N
 2.047436602  13  3  13  N
 2.080855852  13  2  13  N
 2.123971981  13  1  13  N
 2.135173577  13  0  13  N
 2.156170148  13  14  13  N
 2.202459404  13  13  13  N
 2.220053485  13  12  13  N
 2.239485074  13  11  13  N
 2.261823602  13  10  13  N
 2.310393560  13  9  13  N
 2.379147436  13  8  13  N
 2.416177069  13  7  13  N
 2.503916206  13  6  13  N
 2.552456161  13  5  13  N
 2.593412543  13  4  13  N
 2.636299730  13  3  13  N
 2.685722064  13  2  13  N
 2.739424189  13  1  13  N
 2.797670818  13  0  13  N
 2.932304634  13  14  13  N
 3.018198705  13  13  13  N
 3.126770469  13  12  13  N
 3.180065724  13  11  13  N
 3.242338475  13  10  13  N
 3.291917980  13  9  13  N
 3.321942519  13  8  13  N
 0.000000000  9  9  9  J
 0.005239554  9  8  9  J
 0.044927686  9  7  9  J
 0.071232984  9  6  9  J
 0.103853871  9  5  9  J
 0.143906964  9  4  9  J
 0.187890409  9  3  9  J
 0.216421019  9  2  9  J
 0.232222126  9  1  9  J
 0.259415561  9  0  9  J
 0.312662787  9  14  9  J
 0.346008047  9  13  9  J
 0.396772473  9  12  9  J
 0.444093959  9  11  9  J
 0.466240144  9  10  9  J
 0.486210561  9  9  9  J
 0.534611502  9  8  9  J
 0.570963317  9  7  9  J
 0.604897733  9  6  9  J
 0.645169357  9  5  9  J
 0.662578827  9  4  9  J
 0.698759821  9  3  9  J
 0.744999311  9  2  9  J
 0.813338477  9  1  9  J
 0.830085774  9  0  9  J
 0.861247746  9  14  9  J
 0.882938770  9  13  9  J
 0.912984570  9  12  9  J
 0.928711555  9  11  9  J
 0.963798088  9  10  9  J
 0.986074872  9  9  9  J
 1.012294384  9  8  9  J
 1.048715700  9  7  9  J
 1.074231597  9  6  9  J
 1.102961561  9  5  9  J
 1.141469077  9  4  9  J
 1.163078532  9  3  9  J
 1.211162757  9  2  9  J
 1.256347003  9  1  9  J
 1.271015762  9  0  9  J
 1.289326520  9  14  9  J
 1.306314549  9  13  9  J
 1.321804284  9  12  9  J
 1.369873777  9  11  9  J
 1.408286010  9  10  9  J
 1.450543920  9  9  9  J
 1.484547623  9  8  9  J
 1.506429480  9  7  9  J
 1.526232664  9  6  9  J
 1.546385583  9  5  9  J
 1.582524255  9  4  9  J
 1.602180213  9  3  9  J
 1.645556890  9  2  9  J
 1.671679798  9  1  9  J
 1.714375088  9  0  9  J
 1.747894337  9  14  9  J
 1.764311488  9  13  9  J
 1.784648156  9  12  9  J
 1.817725467  9  11  9  J
 1.857874090  9  10  9  J
 1.904228783  9  9  9  J
 1.943117431  9  8  9  J
 1.991822639  9  7  9  J
 2.004524261  9  6  9  J
 2.056040403  9  5  9  J
 2.099249515  9  4  9  J
 2.123950089  9  3  9  J
 2.183231003  9  2  9  J
 2.235362181  9  1  9  J
 2.261843982  9  0  9  J
 2.292623001  9  14  9  J
 2.379175525  9  13  9  J
 2.416153402  9  12  9  J
 2.503894103  9  11  9  J
 2.552479070  9  10  9  J
 2.593390633  9  9  9  J
 2.636317991  9  8  9  J
 2.685743074  9  7  9  J
 2.721547466  9  6  9  J
 2.749559479  9  5  9  J
 2.797712607  9  4  9  J
 2.932287475  9  3  9  J
 3.018190140  9  2  9  J
 3.042478149  9  1  9  J
 3.126742691  9  0  9  J
 3.180055451  9  14  9  J
 3.242202819  9  13  9  J
 3.291952235  9  12  9  J
 3.321962029  9  11  9  J
 3.404297192  9  10  9  J
 3.467603848  9  9  9  J
 0.000000000  0  0  0  A
 0.002958207  0  0  14  A
 0.028629368  0  0  13  A
 0.077926593  0  0  12  A
 0.091126235  0  0  11  A
 0.121660297  0  0  10  A
 0.136027685  0  0  9  A
 0.155416920  0  0  8  A
 0.209304636  0  0  7  A
 0.240231664  0  0  6  A
 0.256437919  0  0  5  A
 0.294283961  0  0  4  A
 0.329972238  0  0  3  A
 0.361292666  0  0  2  A
 0.410475852  0  0  1  A
 0.455902106  0  0  0  A
 0.497971483  0  0  14  A
 0.522149903  0  0  13  A
 0.534718249  0  0  12  A
 0.570239820  0  0  11  A
 0.591806715  0  0  10  A
 0.609765911  0  0  9  A
 0.635694496  0  0  8  A
 0.684673618  0  0  7  A
 0.733504966  0  0  6  A
 0.767000416  0  0  5  A
 0.784966528  0  0  4  A
 0.831651960  0  0  3  A
 0.853806185  0  0  2  A
 0.882899581  0  0  1  A
 0.906230477  0  0  0  A
 0.924813164  0  0  14  A
 0.938568777  0  0  13  A
 0.973485772  0  0  12  A
 1.028276435  0  0  11  A
 1.060886238  0  0  10  A
 1.112061957  0  0  9  A
 1.135381664  0  0  8  A
 1.184990120  0  0  7  A
 1.237586122  0  0  6  A
 1.256364976  0  0  5  A
 1.289377301  0  0  4  A
 1.320181557  0  0  3  A
 1.359401040  0  0  2  A
 1.396338753  0  0  1  A
 1.450961570  0  0  0  A
 1.484456600  0  0  14  A
 1.511285398  0  0  13  A
 1.546394922  0  0  12  A
 1.582545606  0  0  11  A
 1.600179092  0  0  10  A
 1.645400434  0  0  9  A
 1.670844824  0  0  8  A
 1.714436791  0  0  7  A
 1.764343779  0  0  6  A
 1.809054083  0  0  5  A
 1.842239313  0  0  4  A
 1.876785566  0  0  3  A
 1.904496897  0  0  2  A
 1.958248544  0  0  1  A
 2.004531289  0  0  0  A
 2.026471791  0  0  14  A
 2.058013965  0  0  13  A
 2.111944096  0  0  12  A
 2.155120277  0  0  11  A
 2.202628704  0  0  10  A
 2.235340007  0  0  9  A
 2.379188207  0  0  8  A
 2.503931555  0  0  7  A
 2.552490647  0  0  6  A
 2.575798853  0  0  5  A
 2.620343349  0  0  4  A
 2.674240798  0  0  3  A
 2.717973724  0  0  2  A
 2.740472327  0  0  1  A
 2.785870534  0  0  0  A
 2.932313270  0  0  14  A
 3.018172135  0  0  13  A
 3.042370428  0  0  12  A
 3.053862794  0  0  11  A
 3.126761160  0  0  10  A
 3.180030980  0  0  9  A
 3.242353900  0  0  8  A
 3.291936727  0  0  7  A
 3.404318657  0  0  6  A
 3.467583919  0  0  5  A
 3.505078694  0  0  4  A
 3.554530760  0  0  3  A
 3.573665198  0  0  2  A
 3.615373749  0  0  1  A
 3.649545567  0  0  0  A
 3.671047202  0  0  14  A
 3.724470554  0  0  13  A
 3.759534681  0  0  12  A
 3.796630697  0  0  11  A
 3.855531596  0  0  10  A
