-1  15  15  15
 0.000000000  1  1  1  B
 0.004716562  1  2  1  B
 0.091376634  1  3  1  B
 0.139658631  1  4  1  B
 0.179861716  1  5  1  B
 0.206212110  1  6  1  B
 0.242304027  1  7  1  B
 0.261662224  1  8  1  B
 0.286174407  1  9  1  B
 0.313512447  1  10  1  B
 0.361128221  1  11  1  B
 0.393940210  1  12  1  B
 0.440750338  1  13  1  B
 0.000000000  10  10  10  K
 0.007069064  10  10  11  K
 0.043571227  10  10  12  K
 0.059111781  10  10  13  K
 0.085514244  10  10  14  K
 0.133389816  10  10  0  K
 0.173480763  10  10  1  K
 0.206091192  10  10  2  K
 0.242295302  10  10  3  K
 0.313534842  10  10  4  K
 0.350433723  10  10  5  K
 0.381240935  10  10  6  K
 0.440825323  10  10  7  K
 0.494475435  10  10  8  K
 0.539633201  10  10  9  K
 0.564474790  10  10  10  K
 0.627520545  10  10  11  K
 0.686152678  10  10  12  K
 0.729434828  10  10  13  K
 0.756035771  10  10  14  K
 0.797403721  10  10  0  K
 0.834167896  10  10  1  K
 0.866916673  10  10  2  K
 0.000000000  9  9  9  J
 0.007033983  9  8  9  J
 0.043723058  9  7  9  J
 0.070058292  9  6  9  J
 0.091270774  9  5  9  J
 0.109293061  9  4  9  J
 0.135719620  9  3  9  J
 0.173422192  9  2  9  J
 0.212743440  9  1  9  J
 0.242278805  9  0  9  J
 0.274296524  9  14  9  J
 0.303223296  9  13  9  J
 0.316540083  9  12  9  J
 0.361119504  9  11  9  J
 0.393958474  9  10  9  J
 0.416039521  9  9  9  J
 0.442335364  9  8  9  J
 0.479266995  9  7  9  J
 0.539639121  9  6  9  J
 0.593389930  9  5  9  J
 0.636098732  9  4  9  J
 0.686142916  9  3  9  J
 0.729426765  9  2  9  J
 0.769373870  9  1  9  J
 0.824194317  9  0  9  J
 0.856654529  9  14  9  J
 0.909810949  9  13  9  J
 0.952529495  9  12  9  J
 0.976246715  9  11  9  J
 1.008708287  9  10  9  J
 0.000000000  7  7  7  H
 0.006886383  7  6  7  H
 0.043605445  7  5  7  H
 0.068462484  7  4  7  H
 0.091247567  7  3  7  H
 0.109303667  7  2  7  H
 0.133603244  7  1  7  H
 0.173394320  7  0  7  H
 0.209008808  7  14  7  H
 0.242261220  7  13  7  H
 0.286205396  7  12  7  H
 0.313538579  7  11  7  H
 0.347308714  7  10  7  H
 0.394001350  7  9  7  H
 0.429467053  7  8  7  H
 0.476527840  7  7  7  H
 0.526816765  7  6  7  H
 0.564605578  7  5  7  H
 0.602399123  7  4  7  H
 0.627500829  7  3  7  H
 0.656598493  7  2  7  H
 0.704520285  7  1  7  H
 0.756055064  7  0  7  H
 0.805014993  7  14  7  H
 0.856564872  7  13  7  H
 0.875652611  7  12  7  H
 0.888434532  7  11  7  H
 0.930297902  7  10  7  H
 0.973613161  7  9  7  H
 1.012617124  7  8  7  H
 1.040506814  7  7  7  H
 1.092271523  7  6  7  H
 1.103624412  7  5  7  H
 1.140649853  7  4  7  H
 1.174101456  7  3  7  H
 0.000000000  6  6  6  G
 0.006863718  6  6  5  G
 0.044998735  6  6  4  G
 0.068511750  6  6  3  G
 0.103035222  6  6  2  G
 0.161502455  6  6  1  G
 0.188279397  6  6  0  G
 0.242108781  6  6  14  G
 0.280963229  6  6  13  G
 0.299008258  6  6  12  G
 0.347319141  6  6  11  G
 0.370397711  6  6  10  G
 0.393992395  6  6  9  G
 0.405381901  6  6  8  G
 0.429519494  6  6  7  G
 0.465184684  6  6  6  G
 0.503299585  6  6  5  G
 0.526756337  6  6  4  G
 0.564593518  6  6  3  G
 0.604375350  6  6  2  G
 0.656519804  6  6  1  G
 0.704507718  6  6  0  G
 0.735290540  6  6  14  G
 0.778226034  6  6  13  G
 0.808978938  6  6  12  G
 0.856784652  6  6  11  G
 0.875839133  6  6  10  G
 0.910709037  6  6  9  G
 0.939371384  6  6  8  G
 0.952545024  6  6  7  G
 1.000057951  6  6  6  G
 1.040488648  6  6  5  G
 1.089945023  6  6  4  G
 1.131849795  6  6  3  G
 1.148863692  6  6  2  G
 1.182611531  6  6  1  G
 0.000000000  4  4  4  E
 0.005435393  4  4  3  E
 0.023613812  4  4  2  E
 0.070251009  4  4  1  E
 0.085492249  4  4  0  E
 0.133369743  4  4  14  E
 0.161560080  4  4  13  E
 0.206278639  4  4  12  E
 0.242304058  4  4  11  E
 0.280973021  4  4  10  E
 0.324629011  4  4  9  E
 0.350687061  4  4  8  E
 0.405371338  4  4  7  E
 0.450126758  4  4  6  E
 0.481347006  4  4  5  E
 0.526808186  4  4  4  E
 0.564525523  4  4  3  E
 0.595304040  4  4  2  E
 0.631259444  4  4  1  E
 0.663267221  4  4  0  E
 0.713709442  4  4  14  E
 0.767094994  4  4  13  E
 0.812117490  4  4  12  E
 0.833845363  4  4  11  E
 0.876438518  4  4  10  E
 0.923545730  4  4  9  E
 0.952553365  4  4  8  E
 0.991126378  4  4  7  E
 1.040531600  4  4  6  E
 1.076912883  4  4  5  E
 1.103640518  4  4  4  E
 1.116061240  4  4  3  E
 1.140671377  4  4  2  E
 1.154992873  4  4  1  E
 1.181319384  4  4  0  E
 1.222373265  4  4  14  E
 1.275409058  4  4  13  E
 1.302068175  4  4  12  E
 1.355270955  4  4  11  E
 1.378498233  4  4  10  E
 0.000000000  2  2  2  C
 0.004913419  2  2  1  C
 0.043606572  2  2  0  C
 0.091321495  2  2  14  C
 0.133584264  2  2  13  C
 0.173479607  2  2  12  C
 0.199491486  2  2  11  C
 0.242329339  2  2  10  C
 0.274260333  2  2  9  C
 0.313372949  2  2  8  C
 0.355842778  2  2  7  C
 0.393976806  2  2  6  C
 0.440551381  2  2  5  C
 0.465203407  2  2  4  C
 0.494466046  2  2  3  C
 0.570850226  2  2  2  C
 0.593162248  2  2  1  C
 0.636114109  2  2  0  C
 0.686179668  2  2  14  C
 0.704557184  2  2  13  C
 0.719366129  2  2  12  C
 0.756087308  2  2  11  C
 0.778077110  2  2  10  C
 0.797401608  2  2  9  C
 0.856672213  2  2  8  C
 0.892641682  2  2  7  C
 0.939384009  2  2  6  C
 0.963990713  2  2  5  C
 1.008564239  2  2  4  C
 1.049340884  2  2  3  C
 1.073169874  2  2  2  C
 1.089926639  2  2  1  C
 1.131882998  2  2  0  C
 1.175738690  2  2  14  C
 1.196593938  2  2  13  C
 1.241136216  2  2  12  C
 1.275410104  2  2  11  C
 1.302136424  2  2  10  C
 1.333559139  2  2  9  C
 1.358811765  2  2  8  C
 0.000000000  13  13  13  N
 0.007154273  13  14  13  N
 0.026334173  13  0  13  N
 0.043711223  13  1  13  N
 0.070079418  13  2  13  N
 0.109271579  13  3  13  N
 0.133585585  13  4  13  N
 0.173432635  13  5  13  N
 0.206241173  13  6  13  N
 0.249199185  13  7  13  N
 0.298963460  13  8  13  N
 0.324457711  13  9  13  N
 0.372418635  13  10  13  N
 0.399070784  13  11  13  N
 0.440848515  13  12  13  N
 0.476334087  13  13  13  N
 0.503321477  13  14  13  N
 0.542675604  13  0  13  N
 0.593418077  13  1  13  N
 0.627573583  13  2  13  N
 0.643055840  13  3  13  N
 0.656607502  13  4  13  N
 0.704536958  13  5  13  N
 0.735288734  13  6  13  N
 0.756101508  13  7  13  N
 0.804992618  13  8  13  N
 0.833978233  13  9  13  N
 0.866868518  13  10  13  N
 0.913680469  13  11  13  N
 0.952522472  13  12  13  N
 0.983592833  13  13  13  N
 0.999926593  13  14  13  N
 1.049274184  13  0  13  N
 1.076299109  13  1  13  N
 1.131875207  13  2  13  N
 1.174049874  13  3  13  N
 1.200868115  13  4  13  N
 1.245834963  13  5  13  N
 1.269019957  13  6  13  N
 1.317242900  13  7  13  N
 1.355382299  13  8  13  N
 1.387908569  13  9  13  N
 1.433980117  13  10  13  N
 1.475094941  13  11  13  N
 1.496476629  13  12  13  N
 1.558053264  13  13  13  N
 1.591399274  13  14  13  N
 1.626798575  13  0  13  N
 1.653093633  13  1  13  N
 1.673445962  13  2  13  N
 1.696925559  13  3  13  N
 1.716483368  13  4  13  N
 0.000000000  12  12  12  M
 0.007116015  12  12  13  M
 0.023546996  12  12  14  M
 0.068539053  12  12  0  M
 0.091285249  12  12  1  M
 0.133398728  12  12  2  M
 0.161568329  12  12  3  M
 0.184097225  12  12  4  M
 0.228582409  12  12  5  M
 0.280903544  12  12  6  M
 0.328146924  12  12  7  M
 0.347328572  12  12  8  M
 0.381256445  12  12  9  M
 0.407902427  12  12  10  M
 0.429530124  12  12  11  M
 0.450049453  12  12  12  M
 0.465227759  12  12  13  M
 0.503369822  12  12  14  M
 0.539612089  12  12  0  M
 0.570802508  12  12  1  M
 0.627584340  12  12  2  M
 0.686195840  12  12  3  M
 0.729404703  12  12  4  M
 0.756079091  12  12  5  M
 0.774882365  12  12  6  M
 0.808846317  12  12  7  M
 0.824184543  12  12  8  M
 0.856633880  12  12  9  M
 0.875717540  12  12  10  M
 0.913795877  12  12  11  M
 0.971236397  12  12  12  M
 1.003719275  12  12  13  M
 1.040449020  12  12  14  M
 1.069228630  12  12  0  M
 1.113363768  12  12  1  M
 1.140637215  12  12  2  M
 1.186465521  12  12  3  M
 1.202354434  12  12  4  M
 1.245858620  12  12  5  M
 1.275393932  12  12  6  M
 1.309498820  12  12  7  M
 1.347120963  12  12  8  M
 1.390474923  12  12  9  M
 1.405864806  12  12  10  M
 1.433940560  12  12  11  M
 1.457816936  12  12  12  M
 1.486575324  12  12  13  M
 1.513001136  12  12  14  M
 1.558023862  12  12  0  M
 1.578380584  12  12  1  M
 1.600274937  12  12  2  M
 1.652875839  12  12  3  M
 1.696850772  12  12  4  M
 1.741989205  12  12  5  M
 1.783275770  12  12  6  M
 1.821911169  12  12  7  M
 1.846387870  12  12  8  M
 1.899435804  12  12  9  M
 1.938507968  12  12  10  M
 1.962907516  12  12  11  M
 1.989435850  12  12  12  M
 2.022502069  12  12  13  M
 0.000000000  0  0  0  A
 0.004083928  0  0  14  A
 0.043444063  0  0  13  A
 0.092013973  0  0  12  A
 0.109296153  0  0  11  A
 0.137784941  0  0  10  A
 0.188288371  0  0  9  A
 0.242312979  0  0  8  A
 0.274281836  0  0  7  A
 0.300719500  0  0  6  A
 0.319287889  0  0  5  A
 0.361098254  0  0  4  A
 0.374564563  0  0  3  A
 0.410254040  0  0  2  A
 0.451600754  0  0  1  A
 0.503281525  0  0  0  A
 0.539627100  0  0  14  A
 0.572631232  0  0  13  A
 0.627780059  0  0  12  A
 0.661474699  0  0  11  A
 0.704528083  0  0  10  A
 0.721637692  0  0  9  A
 0.736986929  0  0  8  A
 0.789510016  0  0  7  A
 0.856635067  0  0  6  A
 0.890441713  0  0  5  A
 0.930288913  0  0  4  A
 0.971032344  0  0  3  A
 1.012589148  0  0  2  A
 1.064920975  0  0  1  A
 1.080176586  0  0  0  A
 1.097562906  0  0  14  A
 1.114120269  0  0  13  A
 1.140680997  0  0  12  A
 1.189662989  0  0  11  A
 1.227332943  0  0  10  A
 1.269010165  0  0  9  A
 1.314465967  0  0  8  A
 1.347111728  0  0  7  A
 1.378490429  0  0  6  A
 1.409316238  0  0  5  A
 1.449355185  0  0  4  A
 1.468619725  0  0  3  A
 1.523056012  0  0  2  A
 1.564471255  0  0  1  A
 1.600255843  0  0  0  A
 1.636257658  0  0  14  A
 1.652906849  0  0  13  A
 1.716553894  0  0  12  A
 1.733342639  0  0  11  A
 1.750244869  0  0  10  A
 1.783308979  0  0  9  A
 1.806852122  0  0  8  A
 1.846361700  0  0  7  A
 1.890890516  0  0  6  A
 1.913156862  0  0  5  A
 1.938484512  0  0  4  A
 1.989470043  0  0  3  A
 2.012059796  0  0  2  A
 2.045572818  0  0  1  A
 2.107061658  0  0  0  A
 2.144325863  0  0  14  A
 2.202503708  0  0  13  A
 2.224810996  0  0  12  A
 2.240433741  0  0  11  A
 2.258723653  0  0  10  A
 2.281625679  0  0  9  A
 0.000000000  11  11  11  L
 0.007090939  11  10  11  L
 0.059285111  11  9  11  L
 0.091343002  11  8  11  L
 0.113648230  11  7  11  L
 0.133425230  11  6  11  L
 0.173442045  11  5  11  L
 0.188242439  11  4  11  L
 0.212722585  11  3  11  L
 0.249296062  11  2  11  L
 0.274262220  11  1  11  L
 0.317251638  11  0  11  L
 0.347297172  11  14  11  L
 0.372441152  11  13  11  L
 0.393967275  11  12  11  L
 0.410275524  11  11  11  L
 0.449968710  11  10  11  L
 0.481298703  11  9  11  L
 0.503298535  11  8  11  L
 0.542700891  11  7  11  L
 0.593358107  11  6  11  L
 0.627537785  11  5  11  L
 0.656571310  11  4  11  L
 0.686187727  11  3  11  L
 0.704568208  11  2  11  L
 0.737014975  11  1  11  L
 0.767119924  11  0  11  L
 0.812094750  11  14  11  L
 0.856663760  11  13  11  L
 0.890420303  11  12  11  L
 0.939353194  11  11  11  L
 0.971124954  11  10  11  L
 0.988343035  11  9  11  L
 1.009446920  11  8  11  L
 1.049222704  11  7  11  L
 1.092249195  11  6  11  L
 1.142517676  11  5  11  L
 1.174214242  11  4  11  L
 1.189748097  11  3  11  L
 1.227148826  11  2  11  L
 1.242970551  11  1  11  L
 1.258919814  11  0  11  L
 1.275389316  11  14  11  L
 1.317020741  11  13  11  L
 1.329865353  11  12  11  L
 1.355393227  11  11  11  L
 1.387974904  11  10  11  L
 1.440530087  11  9  11  L
 1.496495332  11  8  11  L
 1.529942632  11  7  11  L
 1.570854479  11  6  11  L
 1.614013862  11  5  11  L
 1.636254169  11  4  11  L
 1.665655734  11  3  11  L
 1.685765240  11  2  11  L
 1.733365174  11  1  11  L
 1.774733358  11  0  11  L
 1.789525601  11  14  11  L
 1.807757220  11  13  11  L
 1.833491422  11  12  11  L
 1.863115725  11  11  11  L
 1.899409555  11  10  11  L
 1.927422091  11  9  11  L
 1.973712573  11  8  11  L
 2.022493212  11  7  11  L
 2.052247174  11  6  11  L
 2.094085359  11  5  11  L
 2.107429678  11  4  11  L
 2.144250347  11  3  11  L
 2.183102921  11  2  11  L
 2.218356497  11  1  11  L
 2.240401025  11  0  11  L
 2.281824768  11  14  11  L
 2.327355947  11  13  11  L
 2.354345638  11  12  11  L
 2.391017902  11  11  11  L
 2.406809916  11  10  11  L
 2.440396416  11  9  11  L
 2.460722346  11  8  11  L
 2.499171952  11  7  11  L
 0.000000000  8  8  8  I
 0.006969690  8  8  7  I
 0.024319938  8  8  6  I
 0.070751142  8  8  5  I
 0.112667997  8  8  4  I
 0.161534431  8  8  3  I
 0.190018228  8  8  2  I
 0.228599346  8  8  1  I
 0.255693486  8  8  0  I
 0.280881128  8  8  14  I
 0.339057530  8  8  13  I
 0.372627912  8  8  12  I
 0.429452270  8  8  11  I
 0.447674221  8  8  10  I
 0.494447896  8  8  9  I
 0.539650987  8  8  8  I
 0.574538427  8  8  7  I
 0.601318000  8  8  6  I
 0.627529473  8  8  5  I
 0.656589178  8  8  4  I
 0.704566333  8  8  3  I
 0.719388545  8  8  2  I
 0.735375922  8  8  1  I
 0.766972211  8  8  0  I
 0.810751098  8  8  14  I
 0.833816772  8  8  13  I
 0.886682270  8  8  12  I
 0.923519887  8  8  11  I
 0.963966227  8  8  10  I
 0.995888826  8  8  9  I
 1.040343942  8  8  8  I
 1.069251785  8  8  7  I
 1.097747855  8  8  6  I
 1.131866395  8  8  5  I
 1.154831042  8  8  4  I
 1.179734461  8  8  3  I
 1.193565194  8  8  2  I
 1.222373312  8  8  1  I
 1.252687551  8  8  0  I
 1.289029844  8  8  14  I
 1.302172673  8  8  13  I
 1.316999824  8  8  12  I
 1.355243883  8  8  11  I
 1.378482455  8  8  10  I
 1.413075896  8  8  9  I
 1.458064745  8  8  8  I
 1.475221486  8  8  7  I
 1.496469807  8  8  6  I
 1.530300105  8  8  5  I
 1.578296213  8  8  4  I
 1.626752784  8  8  3  I
 1.652915550  8  8  2  I
 1.679452610  8  8  1  I
 1.716549502  8  8  0  I
 1.749997602  8  8  14  I
 1.782447722  8  8  13  I
 1.802213816  8  8  12  I
 1.833470667  8  8  11  I
 1.878901696  8  8  10  I
 1.921286632  8  8  9  I
 1.946525752  8  8  8  I
 1.994649833  8  8  7  I
 2.022484696  8  8  6  I
 2.068985152  8  8  5  I
 2.107175980  8  8  4  I
 2.144272946  8  8  3  I
 2.178162893  8  8  2  I
 2.229824919  8  8  1  I
 2.243817184  8  8  0  I
 2.281848591  8  8  14  I
 2.322430664  8  8  13  I
 2.372258499  8  8  12  I
 2.390994385  8  8  11  I
 2.426902050  8  8  10  I
 2.460876347  8  8  9  I
 2.499237586  8  8  8  I
 2.554957536  8  8  7  I
 2.576085435  8  8  6  I
 2.613625219  8  8  5  I
 0.000000000  3  3  3  D
 0.005106499  3  4  3  D
 0.070268226  3  5  3  D
 0.113631503  3  6  3  D
 0.161524665  3  7  3  D
 0.184120540  3  8  3  D
 0.228609784  3  9  3  D
 0.259481289  3  10  3  D
 0.285852146  3  11  3  D
 0.313453930  3  12  3  D
 0.349560614  3  13  3  D
 0.388922077  3  14  3  D
 0.407931458  3  0  3  D
 0.451796827  3  1  3  D
 0.476544818  3  2  3  D
 0.526776316  3  3  3  D
 0.570836551  3  4  3  D
 0.631383063  3  5  3  D
 0.649824483  3  6  3  D
 0.686161641  3  7  3  D
 0.721419205  3  8  3  D
 0.767058994  3  9  3  D
 0.800387955  3  10  3  D
 0.824163278  3  11  3  D
 0.875802249  3  12  3  D
 0.914617259  3  13  3  D
 0.952506927  3  14  3  D
 0.980601612  3  0  3  D
 0.999862916  3  1  3  D
 1.012381272  3  2  3  D
 1.045515468  3  3  3  D
 1.073184943  3  4  3  D
 1.103419601  3  5  3  D
 1.115105577  3  6  3  D
 1.182637330  3  7  3  D
 1.214895886  3  8  3  D
 1.268958725  3  9  3  D
 1.309523106  3  10  3  D
 1.347089629  3  11  3  D
 1.359697174  3  12  3  D
 1.405427704  3  13  3  D
 1.440551062  3  14  3  D
 1.496486773  3  0  3  D
 1.564550296  3  1  3  D
 1.591559120  3  2  3  D
 1.613233852  3  3  3  D
 1.636276613  3  4  3  D
 1.679445969  3  5  3  D
 1.733382852  3  6  3  D
 1.756587606  3  7  3  D
 1.789504241  3  8  3  D
 1.833500700  3  9  3  D
 1.878923829  3  10  3  D
 1.913053849  3  11  3  D
 1.951887244  3  12  3  D
 1.973822577  3  13  3  D
 2.022457777  3  14  3  D
 2.047007889  3  0  3  D
 2.091319177  3  1  3  D
 2.144353702  3  2  3  D
 2.181936467  3  3  3  D
 2.218345684  3  4  3  D
 2.258753145  3  5  3  D
 2.276031768  3  6  3  D
 2.292952557  3  7  3  D
 2.322397516  3  8  3  D
 2.372177040  3  9  3  D
 2.388657222  3  10  3  D
 2.438570173  3  11  3  D
 2.465465502  3  12  3  D
 2.489926966  3  13  3  D
 2.531255136  3  14  3  D
 2.576063116  3  0  3  D
 2.613646977  3  1  3  D
 2.634158507  3  2  3  D
 2.653333590  3  3  3  D
 2.695048813  3  4  3  D
 2.729106374  3  5  3  D
 2.783526443  3  6  3  D
 2.824947760  3  7  3  D
 2.933329657  3  8  3  D
 2.979079970  3  9  3  D
 2.997798526  3  10  3  D
 3.048647541  3  11  3  D
 3.066209200  3  12  3  D
 0.000000000  14  14  14  O
 0.007198345  14  14  0  O
 0.052834710  14  14  1  O
 0.068528102  14  14  2  O
 0.091333202  14  14  3  O
 0.115131872  14  14  4  O
 0.161551504  14  14  5  O
 0.199451791  14  14  6  O
 0.242361170  14  14  7  O
 0.286414881  14  14  8  O
 0.339036287  14  14  9  O
 0.381275507  14  14  10  O
 0.405399170  14  14  11  O
 0.443613996  14  14  12  O
 0.465212503  14  14  13  O
 0.526785860  14  14  14  O
 0.542605960  14  14  0  O
 0.585953941  14  14  1  O
 0.627545906  14  14  2  O
 0.661474620  14  14  3  O
 0.686170666  14  14  4  O
 0.710367993  14  14  5  O
 0.729443373  14  14  6  O
 0.756070849  14  14  7  O
 0.789568615  14  14  8  O
 0.834193042  14  14  9  O
 0.866902678  14  14  10  O
 0.909795947  14  14  11  O
 0.939400468  14  14  12  O
 0.986163510  14  14  13  O
 1.006643021  14  14  14  O
 1.049246992  14  14  0  O
 1.076074426  14  14  1  O
 1.113381154  14  14  2  O
 1.140686242  14  14  3  O
 1.189789131  14  14  4  O
 1.241052242  14  14  5  O
 1.289069323  14  14  6  O
 1.329763290  14  14  7  O
 1.355319602  14  14  8  O
 1.402190093  14  14  9  O
 1.457959423  14  14  10  O
 1.496492507  14  14  11  O
 1.523032039  14  14  12  O
 1.558042533  14  14  13  O
 1.608349511  14  14  14  O
 1.626789561  14  14  0  O
 1.652897128  14  14  1  O
 1.679470343  14  14  2  O
 1.716531573  14  14  3  O
 1.762922541  14  14  4  O
 1.776645640  14  14  5  O
 1.802238003  14  14  6  O
 1.846497476  14  14  7  O
 1.899387533  14  14  8  O
 1.946554334  14  14  9  O
 1.973895435  14  14  10  O
 1.998343660  14  14  11  O
 2.022468669  14  14  12  O
 2.045748505  14  14  13  O
 2.093143004  14  14  14  O
 2.130367001  14  14  0  O
 2.144343445  14  14  1  O
 2.202458521  14  14  2  O
 2.240451081  14  14  3  O
 2.269406741  14  14  4  O
 2.305634212  14  14  5  O
 2.391493159  14  14  6  O
 2.407728862  14  14  7  O
 2.438760462  14  14  8  O
 2.476145167  14  14  9  O
 2.519530500  14  14  10  O
 2.540161619  14  14  11  O
 2.576115871  14  14  12  O
 2.613669857  14  14  13  O
 2.653305650  14  14  14  O
 2.702344167  14  14  0  O
 2.750270422  14  14  1  O
 2.824929522  14  14  2  O
 2.933368704  14  14  3  O
 2.975472623  14  14  4  O
 2.998017837  14  14  5  O
 3.027886984  14  14  6  O
 3.055512198  14  14  7  O
 3.084331277  14  14  8  O
 3.130197990  14  14  9  O
 3.175940564  14  14  10  O
 0.000000000  5  5  5  F
 0.005650736  5  4  5  F
 0.052812152  5  3  5  F
 0.103009969  5  2  5  F
 0.133431926  5  1  5  F
 0.161542848  5  0  5  F
 0.180060650  5  14  5  F
 0.242370537  5  13  5  F
 0.287976454  5  12  5  F
 0.328174063  5  11  5  F
 0.347285267  5  10  5  F
 0.440849170  5  9  5  F
 0.476144925  5  8  5  F
 0.503311544  5  7  5  F
 0.539642247  5  6  5  F
 0.565085336  5  5  5  F
 0.593311281  5  4  5  F
 0.642969205  5  3  5  F
 0.686123747  5  2  5  F
 0.719373193  5  1  5  F
 0.737188605  5  0  5  F
 0.778243138  5  14  5  F
 0.834094633  5  13  5  F
 0.875880975  5  12  5  F
 0.909753946  5  11  5  F
 0.930266085  5  10  5  F
 0.956204409  5  9  5  F
 0.976268862  5  8  5  F
 0.988321242  5  7  5  F
 1.000168728  5  6  5  F
 1.040541499  5  5  5  F
 1.076332803  5  4  5  F
 1.131891479  5  3  5  F
 1.148887431  5  2  5  F
 1.197516413  5  1  5  F
 1.241125673  5  0  5  F
 1.289052919  5  14  5  F
 1.329783839  5  13  5  F
 1.359712322  5  12  5  F
 1.402168044  5  11  5  F
 1.433988780  5  10  5  F
 1.468638351  5  9  5  F
 1.512910959  5  8  5  F
 1.531685193  5  7  5  F
 1.577764345  5  6  5  F
 1.591422870  5  5  5  F
 1.614001391  5  4  5  F
 1.662168379  5  3  5  F
 1.697039496  5  2  5  F
 1.733373847  5  1  5  F
 1.770120204  5  0  5  F
 1.783317200  5  14  5  F
 1.846534646  5  13  5  F
 1.899419925  5  12  5  F
 1.946518859  5  11  5  F
 1.973669661  5  10  5  F
 2.022479272  5  9  5  F
 2.047274577  5  8  5  F
 2.089348001  5  7  5  F
 2.107044156  5  6  5  F
 2.162700323  5  5  5  F
 2.177644097  5  4  5  F
 2.202494281  5  3  5  F
 2.218198433  5  2  5  F
 2.253703863  5  1  5  F
 2.269406795  5  0  5  F
 2.294737194  5  14  5  F
 2.344504839  5  13  5  F
 2.391351916  5  12  5  F
 2.426696739  5  11  5  F
 2.451864039  5  10  5  F
 2.466331208  5  9  5  F
 2.519551144  5  8  5  F
 2.576107384  5  7  5  F
 2.613678219  5  6  5  F
 2.655160334  5  5  5  F
 2.695243999  5  4  5  F
 2.706212556  5  3  5  F
 2.750293164  5  2  5  F
 2.824962012  5  1  5  F
 2.933352735  5  0  5  F
 2.975529714  5  14  5  F
 3.002776548  5  13  5  F
 3.027873629  5  12  5  F
 3.079970247  5  11  5  F
 3.109280056  5  10  5  F
 3.149785206  5  9  5  F
 3.190649215  5  9  5  f
