-1 15 15 15
0.000201 2 2 2 C
0.038571 2 2 3 C
0.063025 2 2 4 C
0.079298 2 2 5 C
0.110160 2 2 6 C
0.145344 2 2 7 C
0.191583 2 2 8 C
0.207495 2 2 9 C
0.234530 2 2 10 C
0.321504 2 2 11 C
0.360898 2 2 12 C
0.418708 2 2 13 C
0.456997 2 2 14 C
0.000199 0 0 0 A
0.034789 0 0 1 A
0.062754 0 0 2 A
0.110190 0 0 3 A
0.145413 0 0 4 A
0.159135 0 0 5 A
0.191576 0 0 6 A
0.230515 0 0 7 A
0.253377 0 0 8 A
0.321521 0 0 9 A
0.347732 0 0 10 A
0.360891 0 0 11 A
0.389367 0 0 12 A
0.418696 0 0 13 A
0.458866 0 0 14 A
0.479280 0 0 0 A
0.509347 0 0 1 A
0.000201 1 1 1 B
0.063231 1 2 1 B
0.114886 1 3 1 B
0.160459 1 4 1 B
0.179337 1 5 1 B
0.220205 1 6 1 B
0.240517 1 7 1 B
0.321441 1 8 1 B
0.331868 1 9 1 B
0.380350 1 10 1 B
0.414641 1 11 1 B
0.443021 1 12 1 B
0.494391 1 13 1 B
0.517182 1 14 1 B
0.701153 1 14 1 b
0.000202 3 3 3 D
0.063236 3 2 3 D
0.100163 3 1 3 D
0.145418 3 0 3 D
0.191536 3 14 3 D
0.207650 3 13 3 D
0.234691 3 12 3 D
0.321428 3 11 3 D
0.365213 3 10 3 D
0.391271 3 9 3 D
0.426422 3 8 3 D
0.466620 3 7 3 D
0.502205 3 6 3 D
0.549461 3 5 3 D
0.585051 3 4 3 D
0.618281 3 3 3 D
0.644598 3 2 3 D
0.701432 3 1 3 D
0.828847 3 0 3 D
0.856228 3 14 3 D
0.895367 3 13 3 D
0.941969 3 12 3 D
0.986932 3 11 3 D
1.008208 3 10 3 D
0.000205 14 14 14 O
0.034679 14 14 13 O
0.062791 14 14 12 O
0.108712 14 14 11 O
0.153591 14 14 10 O
0.169303 14 14 9 O
0.180824 14 14 8 O
0.230510 14 14 7 O
0.257278 14 14 6 O
0.321500 14 14 5 O
0.339727 14 14 4 O
0.371249 14 14 3 O
0.407744 14 14 2 O
0.436917 14 14 1 O
0.466577 14 14 0 O
0.479237 14 14 14 O
0.500298 14 14 13 O
0.544663 14 14 12 O
0.591903 14 14 11 O
0.618286 14 14 10 O
0.701411 14 14 9 O
0.828936 14 14 8 O
0.856221 14 14 7 O
0.902357 14 14 6 O
0.913813 14 14 5 O
0.928601 14 14 4 O
0.952772 14 14 3 O
0.971585 14 14 2 O
1.105012 14 14 2 o
0.000204 10 10 10 K
0.016706 10 10 11 K
0.063234 10 10 12 K
0.079640 10 10 13 K
0.125216 10 10 14 K
0.179344 10 10 0 K
0.207658 10 10 1 K
0.230684 10 10 2 K
0.321422 10 10 3 K
0.365210 10 10 4 K
0.409422 10 10 5 K
0.443015 10 10 6 K
0.466654 10 10 7 K
0.500367 10 10 8 K
0.534218 10 10 9 K
0.571163 10 10 10 K
0.601311 10 10 11 K
0.621351 10 10 12 K
0.646619 10 10 13 K
0.701424 10 10 14 K
0.828952 10 10 0 K
0.869633 10 10 1 K
0.892895 10 10 2 K
0.928601 10 10 3 K
0.949957 10 10 4 K
0.995014 10 10 5 K
1.035506 10 10 6 K
1.054282 10 10 7 K
1.091347 10 10 8 K
1.136949 10 10 9 K
1.160237 10 10 10 K
1.183256 10 10 11 K
1.230067 10 10 12 K
1.272411 10 10 13 K
1.286018 10 10 14 K
1.332808 10 10 0 K
1.360712 10 10 1 K
1.382496 10 10 2 K
1.517847 10 10 2 k
0.000202 6 6 6 G
0.016337 6 6 5 G
0.062759 6 6 4 G
0.096407 6 6 3 G
0.117214 6 6 2 G
0.157173 6 6 1 G
0.191540 6 6 0 G
0.209495 6 6 14 G
0.261613 6 6 13 G
0.321414 6 6 12 G
0.349408 6 6 11 G
0.365198 6 6 10 G
0.402863 6 6 9 G
0.450762 6 6 8 G
0.487631 6 6 7 G
0.526189 6 6 6 G
0.558224 6 6 5 G
0.602645 6 6 4 G
0.640582 6 6 3 G
0.701420 6 6 2 G
0.828994 6 6 1 G
0.869637 6 6 0 G
0.902364 6 6 14 G
0.928591 6 6 13 G
0.977234 6 6 12 G
1.016240 6 6 11 G
1.037433 6 6 10 G
1.086294 6 6 9 G
1.122513 6 6 8 G
1.189039 6 6 7 G
1.240260 6 6 6 G
1.286163 6 6 5 G
1.299535 6 6 4 G
1.311606 6 6 3 G
1.343943 6 6 2 G
1.380565 6 6 1 G
1.424597 6 6 0 G
1.452706 6 6 14 G
1.479371 6 6 13 G
1.511828 6 6 12 G
1.530237 6 6 11 G
1.547217 6 6 10 G
1.567727 6 6 9 G
1.582651 6 6 8 G
1.632031 6 6 7 G
1.682355 6 6 6 G
1.700619 6 6 5 G
1.726572 6 6 4 G
1.763749 6 6 3 G
1.808197 6 6 2 G
1.847277 6 6 1 G
1.892680 6 6 0 G
1.908709 6 6 14 G
1.942739 6 6 13 G
1.972430 6 6 12 G
0.000203 7 7 7 H
0.034638 7 6 7 H
0.062783 7 5 7 H
0.104470 7 4 7 H
0.123175 7 3 7 H
0.191587 7 2 7 H
0.232790 7 1 7 H
0.261485 7 0 7 H
0.321529 7 14 7 H
0.335764 7 13 7 H
0.363329 7 12 7 H
0.402869 7 11 7 H
0.450755 7 10 7 H
0.464126 7 9 7 H
0.477331 7 8 7 H
0.524218 7 7 7 H
0.570976 7 6 7 H
0.601286 7 5 7 H
0.615556 7 4 7 H
0.642817 7 3 7 H
0.701145 7 2 7 H
0.829037 7 1 7 H
0.880606 7 0 7 H
0.905449 7 14 7 H
0.930219 7 13 7 H
0.958836 7 12 7 H
0.982874 7 11 7 H
1.006338 7 10 7 H
1.028817 7 9 7 H
1.063501 7 8 7 H
1.098401 7 7 7 H
1.150395 7 6 7 H
1.189003 7 5 7 H
1.206223 7 4 7 H
1.247601 7 3 7 H
1.277321 7 2 7 H
1.293860 7 1 7 H
1.320506 7 0 7 H
1.341192 7 14 7 H
1.374806 7 13 7 H
1.424637 7 12 7 H
1.444857 7 11 7 H
1.480537 7 10 7 H
1.505307 7 9 7 H
1.556487 7 8 7 H
1.574607 7 7 7 H
1.682359 7 6 7 H
1.726602 7 5 7 H
1.740356 7 4 7 H
1.763505 7 3 7 H
1.809274 7 2 7 H
1.830852 7 1 7 H
1.854497 7 0 7 H
1.907387 7 14 7 H
1.938994 7 13 7 H
1.986577 7 12 7 H
2.001001 7 11 7 H
2.040506 7 10 7 H
2.061338 7 9 7 H
2.085234 7 8 7 H
2.102992 7 7 7 H
2.115948 7 6 7 H
2.137600 7 5 7 H
0.000202 4 4 4 E
0.034731 4 4 3 E
0.083551 4 4 2 E
0.113003 4 4 1 E
0.160452 4 4 0 E
0.191525 4 4 14 E
0.225938 4 4 13 E
0.261477 4 4 12 E
0.337686 4 4 11 E
0.385557 4 4 10 E
0.398734 4 4 9 E
0.414675 4 4 8 E
0.431237 4 4 7 E
0.458873 4 4 6 E
0.495718 4 4 5 E
0.507481 4 4 4 E
0.549496 4 4 3 E
0.578248 4 4 2 E
0.618234 4 4 1 E
0.701440 4 4 0 E
0.828881 4 4 14 E
0.875447 4 4 13 E
0.891044 4 4 12 E
0.981039 4 4 11 E
1.009306 4 4 10 E
1.049543 4 4 9 E
1.072465 4 4 8 E
1.101203 4 4 7 E
1.127166 4 4 6 E
1.153241 4 4 5 E
1.172974 4 4 4 E
1.186804 4 4 3 E
1.231655 4 4 2 E
1.272559 4 4 1 E
1.314394 4 4 0 E
1.329122 4 4 14 E
1.367539 4 4 13 E
1.399268 4 4 12 E
1.429279 4 4 11 E
1.463544 4 4 10 E
1.496240 4 4 9 E
1.534016 4 4 8 E
1.582683 4 4 7 E
1.618660 4 4 6 E
1.632197 4 4 5 E
1.654527 4 4 4 E
1.676422 4 4 3 E
1.726825 4 4 2 E
1.771769 4 4 1 E
1.808191 4 4 0 E
1.836242 4 4 14 E
1.875571 4 4 13 E
1.892673 4 4 12 E
1.917866 4 4 11 E
1.955622 4 4 10 E
1.984758 4 4 9 E
1.996704 4 4 8 E
2.037689 4 4 7 E
2.075390 4 4 6 E
2.102919 4 4 5 E
2.139299 4 4 4 E
2.180200 4 4 3 E
2.197796 4 4 2 E
2.224169 4 4 1 E
2.253822 4 4 0 E
2.265305 4 4 14 E
2.280270 4 4 13 E
2.298360 4 4 12 E
2.311671 4 4 11 E
2.368972 4 4 10 E
0.000202 5 5 5 F
0.062779 5 6 5 F
0.111680 5 7 5 F
0.123235 5 8 5 F
0.157165 5 9 5 F
0.191531 5 10 5 F
0.207656 5 11 5 F
0.237484 5 12 5 F
0.321514 5 13 5 F
0.343721 5 14 5 F
0.383540 5 0 5 F
0.402856 5 1 5 F
0.452765 5 2 5 F
0.464153 5 3 5 F
0.511289 5 4 5 F
0.549468 5 5 5 F
0.602652 5 6 5 F
0.613636 5 7 5 F
0.701428 5 8 5 F
0.828941 5 9 5 F
0.846267 5 10 5 F
0.869629 5 11 5 F
0.895364 5 12 5 F
0.913805 5 13 5 F
0.949945 5 14 5 F
0.997480 5 0 5 F
1.049548 5 1 5 F
1.072457 5 2 5 F
1.122791 5 3 5 F
1.172979 5 4 5 F
1.230132 5 5 5 F
1.247767 5 6 5 F
1.286046 5 7 5 F
1.302922 5 8 5 F
1.334763 5 9 5 F
1.367511 5 10 5 F
1.392192 5 11 5 F
1.408928 5 12 5 F
1.454649 5 13 5 F
1.468603 5 14 5 F
1.499334 5 0 5 F
1.517666 5 1 5 F
1.532053 5 2 5 F
1.572587 5 3 5 F
1.587516 5 4 5 F
1.606590 5 5 5 F
1.642911 5 6 5 F
1.676434 5 7 5 F
1.715277 5 8 5 F
1.728835 5 9 5 F
1.751404 5 10 5 F
1.795753 5 11 5 F
1.808014 5 12 5 F
1.843952 5 13 5 F
1.882672 5 14 5 F
1.896437 5 0 5 F
1.927201 5 1 5 F
1.938986 5 2 5 F
1.967682 5 3 5 F
1.996828 5 4 5 F
2.026908 5 5 5 F
2.075418 5 6 5 F
2.115795 5 7 5 F
2.163999 5 8 5 F
2.197788 5 9 5 F
2.246359 5 10 5 F
2.296260 5 11 5 F
2.309678 5 12 5 F
2.344944 5 13 5 F
2.368744 5 14 5 F
2.382745 5 0 5 F
2.415333 5 1 5 F
2.445190 5 2 5 F
0.000203 8 8 8 I
0.034726 8 8 7 I
0.062787 8 8 6 I
0.079290 8 8 5 I
0.111675 8 8 4 I
0.150337 8 8 3 I
0.191591 8 8 2 I
0.207484 8 8 1 I
0.227631 8 8 0 I
0.321433 8 8 14 I
0.334161 8 8 13 I
0.367232 8 8 12 I
0.397581 8 8 11 I
0.412198 8 8 10 I
0.435273 8 8 9 I
0.449187 8 8 8 I
0.524224 8 8 7 I
0.567066 8 8 6 I
0.581513 8 8 5 I
0.600909 8 8 4 I
0.613347 8 8 3 I
0.701152 8 8 2 I
0.829031 8 8 1 I
0.869790 8 8 0 I
0.918492 8 8 14 I
0.958891 8 8 13 I
0.994949 8 8 12 I
1.011257 8 8 11 I
1.035553 8 8 10 I
1.049535 8 8 9 I
1.083353 8 8 8 I
1.109559 8 8 7 I
1.158236 8 8 6 I
1.202218 8 8 5 I
1.230059 8 8 4 I
1.250731 8 8 3 I
1.272527 8 8 2 I
1.295570 8 8 1 I
1.332888 8 8 0 I
1.367498 8 8 14 I
1.408899 8 8 13 I
1.426356 8 8 12 I
1.470522 8 8 11 I
1.517670 8 8 10 I
1.556629 8 8 9 I
1.572594 8 8 8 I
1.582841 8 8 7 I
1.612485 8 8 6 I
1.632038 8 8 5 I
1.666233 8 8 4 I
1.691091 8 8 3 I
1.726850 8 8 2 I
1.771525 8 8 1 I
1.786893 8 8 0 I
1.798732 8 8 14 I
1.812532 8 8 13 I
1.854491 8 8 12 I
1.907376 8 8 11 I
1.951884 8 8 10 I
2.002050 8 8 9 I
2.022534 8 8 8 I
2.037614 8 8 7 I
2.085199 8 8 6 I
2.102915 8 8 5 I
2.153200 8 8 4 I
2.165696 8 8 3 I
2.197800 8 8 2 I
2.224002 8 8 1 I
2.252727 8 8 0 I
2.290422 8 8 14 I
2.368976 8 8 13 I
2.394530 8 8 12 I
2.444759 8 8 11 I
2.494236 8 8 10 I
2.522502 8 8 9 I
2.566988 8 8 8 I
2.631129 8 8 7 I
2.700584 8 8 6 I
0.000204 11 11 11 L
0.062749 11 12 11 L
0.113008 11 13 11 L
0.153596 11 14 11 L
0.165266 11 0 11 L
0.207491 11 1 11 L
0.234574 11 2 11 L
0.263723 11 3 11 L
0.321525 11 4 11 L
0.337680 11 5 11 L
0.365204 11 6 11 L
0.387464 11 7 11 L
0.429295 11 8 11 L
0.446878 11 9 11 L
0.462726 11 10 11 L
0.500291 11 11 11 L
0.544696 11 12 11 L
0.585164 11 13 11 L
0.633220 11 14 11 L
0.701382 11 0 11 L
0.828840 11 1 11 L
0.848039 11 2 11 L
0.887567 11 3 11 L
0.928591 11 4 11 L
0.981032 11 5 11 L
1.037438 11 6 11 L
1.076881 11 7 11 L
1.105279 11 8 11 L
1.122708 11 9 11 L
1.150387 11 10 11 L
1.183253 11 11 11 L
1.233562 11 12 11 L
1.258608 11 13 11 L
1.275296 11 14 11 L
1.311488 11 0 11 L
1.342860 11 1 11 L
1.360700 11 2 11 L
1.382504 11 3 11 L
1.408932 11 4 11 L
1.429272 11 5 11 L
1.463551 11 6 11 L
1.507208 11 7 11 L
1.530172 11 8 11 L
1.567719 11 9 11 L
1.595865 11 10 11 L
1.616219 11 11 11 L
1.641161 11 12 11 L
1.682346 11 13 11 L
1.700611 11 14 11 L
1.751408 11 0 11 L
1.798560 11 1 11 L
1.830604 11 2 11 L
1.875567 11 3 11 L
1.955628 11 4 11 L
2.001024 11 5 11 L
2.019150 11 6 11 L
2.038790 11 7 11 L
2.079524 11 8 11 L
2.117563 11 9 11 L
2.167756 11 10 11 L
2.210341 11 11 11 L
2.258506 11 12 11 L
2.298397 11 13 11 L
2.340841 11 14 11 L
2.368751 11 0 11 L
2.382738 11 1 11 L
2.415324 11 2 11 L
2.445252 11 3 11 L
2.480045 11 4 11 L
2.522524 11 5 11 L
2.534885 11 6 11 L
2.583303 11 7 11 L
2.631101 11 8 11 L
2.700940 11 9 11 L
2.747623 11 10 11 L
2.792765 11 11 11 L
2.822900 11 12 11 L
2.842238 11 13 11 L
0.000205 13 13 13 N
0.063223 13 12 13 N
0.083580 13 11 13 N
0.125222 13 10 13 N
0.153475 13 9 13 N
0.196382 13 8 13 N
0.232866 13 7 13 N
0.248617 13 6 13 N
0.261608 13 5 13 N
0.321437 13 4 13 N
0.337756 13 3 13 N
0.375095 13 2 13 N
0.418704 13 1 13 N
0.468582 13 0 13 N
0.544668 13 14 13 N
0.591896 13 13 13 N
0.615671 13 12 13 N
0.638704 13 11 13 N
0.701445 13 10 13 N
0.828949 13 9 13 N
0.869621 13 8 13 N
0.902368 13 7 13 N
0.977242 13 6 13 N
1.022061 13 5 13 N
1.067507 13 4 13 N
1.086364 13 3 13 N
1.109567 13 2 13 N
1.124667 13 1 13 N
1.150393 13 0 13 N
1.183170 13 14 13 N
1.209231 13 13 13 N
1.272536 13 12 13 N
1.312653 13 11 13 N
1.338972 13 10 13 N
1.376646 13 9 13 N
1.388363 13 8 13 N
1.401210 13 7 13 N
1.441303 13 6 13 N
1.456619 13 5 13 N
1.488318 13 4 13 N
1.533991 13 3 13 N
1.567732 13 2 13 N
1.607866 13 1 13 N
1.618653 13 0 13 N
1.676430 13 14 13 N
1.691084 13 13 13 N
1.726818 13 12 13 N
1.751396 13 11 13 N
1.785280 13 10 13 N
1.836248 13 9 13 N
1.861648 13 8 13 N
1.892839 13 7 13 N
1.929242 13 6 13 N
1.942734 13 5 13 N
1.972295 13 4 13 N
2.005900 13 3 13 N
2.054384 13 2 13 N
2.102908 13 1 13 N
2.118689 13 0 13 N
2.137838 13 14 13 N
2.153159 13 13 13 N
2.174260 13 12 13 N
2.212272 13 11 13 N
2.258479 13 10 13 N
2.287426 13 9 13 N
2.317345 13 8 13 N
2.368971 13 7 13 N
2.415438 13 6 13 N
2.451878 13 5 13 N
2.476924 13 4 13 N
2.524097 13 3 13 N
2.543999 13 2 13 N
2.566981 13 1 13 N
2.594908 13 0 13 N
2.639772 13 14 13 N
2.700934 13 13 13 N
2.731798 13 12 13 N
2.768488 13 11 13 N
2.792774 13 10 13 N
2.830598 13 9 13 N
2.870256 13 8 13 N
0.000204 12 12 12 M
0.034684 12 12 11 M
0.062745 12 12 10 M
0.096467 12 12 9 M
0.134028 12 12 8 M
0.179189 12 12 7 M
0.219810 12 12 6 M
0.321518 12 12 5 M
0.369253 12 12 4 M
0.403005 12 12 3 M
0.428156 12 12 2 M
0.494397 12 12 1 M
0.507363 12 12 0 M
0.526181 12 12 14 M
0.571123 12 12 13 M
0.581395 12 12 12 M
0.625353 12 12 11 M
0.701416 12 12 10 M
0.828945 12 12 9 M
0.859197 12 12 8 M
0.902213 12 12 7 M
0.939132 12 12 6 M
0.981198 12 12 5 M
1.031643 12 12 4 M
1.069548 12 12 3 M
1.094465 12 12 2 M
1.122701 12 12 1 M
1.155628 12 12 0 M
1.204292 12 12 14 M
1.240292 12 12 13 M
1.272533 12 12 12 M
1.297543 12 12 11 M
1.320469 12 12 10 M
1.346071 12 12 9 M
1.367506 12 12 8 M
1.402967 12 12 7 M
1.424634 12 12 6 M
1.454655 12 12 5 M
1.466379 12 12 4 M
1.492291 12 12 3 M
1.517659 12 12 2 M
1.567736 12 12 1 M
1.616226 12 12 0 M
1.666394 12 12 14 M
1.715067 12 12 13 M
1.726813 12 12 12 M
1.771763 12 12 11 M
1.788955 12 12 10 M
1.812349 12 12 9 M
1.854305 12 12 8 M
1.892833 12 12 7 M
1.933021 12 12 6 M
1.967539 12 12 5 M
2.016632 12 12 4 M
2.045448 12 12 3 M
2.077283 12 12 2 M
2.117528 12 12 1 M
2.163868 12 12 0 M
2.184268 12 12 14 M
2.224050 12 12 13 M
2.262116 12 12 12 M
2.298403 12 12 11 M
2.312292 12 12 10 M
2.342960 12 12 9 M
2.394536 12 12 8 M
2.420330 12 12 7 M
2.469513 12 12 6 M
2.504843 12 12 5 M
2.546656 12 12 4 M
2.582828 12 12 3 M
2.631019 12 12 2 M
2.700930 12 12 1 M
2.739078 12 12 0 M
2.768521 12 12 14 M
2.822714 12 12 13 M
2.872836 12 12 12 M
2.908421 12 12 11 M
0.000203 9 9 9 J
0.063230 9 8 9 J
0.107218 9 7 9 J
0.128108 9 6 9 J
0.179196 9 5 9 J
0.209447 9 4 9 J
0.232797 9 3 9 J
0.248489 9 2 9 J
0.321508 9 1 9 J
0.347738 9 0 9 J
0.365247 9 14 9 J
0.402966 9 13 9 J
0.449194 9 12 9 J
0.479275 9 11 9 J
0.509570 9 10 9 J
0.534212 9 9 9 J
0.558215 9 8 9 J
0.591908 9 7 9 J
0.631199 9 6 9 J
0.646627 9 5 9 J
0.701435 9 4 9 J
0.828876 9 3 9 J
0.848045 9 2 9 J
0.895276 9 1 9 J
0.933132 9 0 9 J
0.952767 9 14 9 J
0.994957 9 13 9 J
1.019006 9 12 9 J
1.063591 9 11 9 J
1.081375 9 10 9 J
1.122521 9 9 9 J
1.150640 9 8 9 J
1.196807 9 7 9 J
1.230173 9 6 9 J
1.254713 9 5 9 J
1.272404 9 4 9 J
1.306584 9 3 9 J
1.339004 9 2 9 J
1.388371 9 1 9 J
1.399233 9 0 9 J
1.426398 9 14 9 J
1.468611 9 13 9 J
1.511796 9 12 9 J
1.556634 9 11 9 J
1.590585 9 10 9 J
1.618404 9 9 9 J
1.654472 9 8 9 J
1.700795 9 7 9 J
1.751788 9 6 9 J
1.785118 9 5 9 J
1.801570 9 4 9 J
1.847028 9 3 9 J
1.875560 9 2 9 J
1.907383 9 1 9 J
1.940901 9 0 9 J
1.959473 9 14 9 J
2.008376 9 13 9 J
2.020524 9 12 9 J
2.049870 9 11 9 J
2.072639 9 10 9 J
2.106405 9 9 9 J
2.156818 9 8 9 J
2.199489 9 7 9 J
2.227672 9 6 9 J
2.262122 9 5 9 J
2.277858 9 4 9 J
2.305492 9 3 9 J
2.346880 9 2 9 J
2.380882 9 1 9 J
2.415485 9 0 9 J
2.469555 9 14 9 J
2.484143 9 13 9 J
2.502008 9 12 9 J
2.541754 9 11 9 J
2.594643 9 10 9 J
2.631011 9 9 9 J
2.700922 9 8 9 J
2.718541 9 7 9 J
2.755346 9 6 9 J
2.792844 9 5 9 J
2.808293 9 4 9 J
2.850802 9 3 9 J
2.891940 9 2 9 J
2.940462 9 1 9 J
2.999027 9 0 9 J
3.032784 9 14 9 J
3.087437 9 13 9 J
3.109202 9 12 9 J
3.158761 9 11 9 J
3.180265 9 10 9 J
3.217215 9 9 9 J
3.238898 9 8 9 J
3.264631 9 7 9 J
3.281730 9 6 9 J
