-1 15 15 15
0.000093 2 2 2 C
0.037032 2 2 3 C
0.067383 2 2 4 C
0.112844 2 2 5 C
0.150889 2 2 6 C
0.183505 2 2 7 C
0.226381 2 2 8 C
0.254590 2 2 9 C
0.281022 2 2 10 C
0.296811 2 2 11 C
0.333045 2 2 12 C
0.377030 2 2 13 C
0.415591 2 2 14 C
0.000092 0 0 0 A
0.029586 0 0 1 A
0.078344 0 0 2 A
0.116085 0 0 3 A
0.175088 0 0 4 A
0.226374 0 0 5 A
0.267388 0 0 6 A
0.309283 0 0 7 A
0.338301 0 0 8 A
0.380751 0 0 9 A
0.394873 0 0 10 A
0.445457 0 0 11 A
0.488894 0 0 12 A
0.534207 0 0 13 A
0.560584 0 0 14 A
0.595629 0 0 0 A
0.607244 0 0 1 A
0.000094 3 3 3 D
0.067388 3 2 3 D
0.097367 3 1 3 D
0.175092 3 0 3 D
0.208950 3 14 3 D
0.229296 3 13 3 D
0.294641 3 12 3 D
0.342922 3 11 3 D
0.371002 3 10 3 D
0.421590 3 9 3 D
0.453542 3 8 3 D
0.501296 3 7 3 D
0.549077 3 6 3 D
0.576629 3 5 3 D
0.595447 3 4 3 D
0.618582 3 3 3 D
0.648809 3 2 3 D
0.679652 3 1 3 D
0.711318 3 0 3 D
0.750404 3 14 3 D
0.788387 3 13 3 D
0.840370 3 12 3 D
0.874542 3 11 3 D
0.904253 3 10 3 D
0.000093 1 1 1 B
0.048547 1 2 1 B
0.060316 1 3 1 B
0.099131 1 4 1 B
0.114770 1 5 1 B
0.174953 1 6 1 B
0.204966 1 7 1 B
0.242317 1 8 1 B
0.254626 1 9 1 B
0.283220 1 10 1 B
0.300309 1 11 1 B
0.338299 1 12 1 B
0.350671 1 13 1 B
0.366260 1 14 1 B
0.393786 1 0 1 B
0.423609 1 1 1 B
0.469283 1 2 1 B
0.512460 1 3 1 B
0.559370 1 4 1 B
0.587202 1 5 1 B
0.635241 1 6 1 B
0.682075 1 7 1 B
0.714851 1 8 1 B
0.736354 1 9 1 B
0.760800 1 10 1 B
0.819824 1 11 1 B
0.904356 1 12 1 B
0.983287 1 13 1 B
1.001523 1 14 1 B
1.159425 1 14 1 b
0.000096 10 10 10 K
0.017634 10 10 11 K
0.054409 10 10 12 K
0.150922 10 10 13 K
0.181531 10 10 14 K
0.219598 10 10 0 K
0.269441 10 10 1 K
0.280989 10 10 2 K
0.319803 10 10 3 K
0.345201 10 10 4 K
0.380725 10 10 5 K
0.421641 10 10 6 K
0.468146 10 10 7 K
0.511370 10 10 8 K
0.549073 10 10 9 K
0.595431 10 10 10 K
0.623290 10 10 11 K
0.663912 10 10 12 K
0.692479 10 10 13 K
0.738216 10 10 14 K
0.775271 10 10 0 K
0.819830 10 10 1 K
0.841932 10 10 2 K
0.874783 10 10 3 K
0.904248 10 10 4 K
0.983348 10 10 5 K
1.058333 10 10 6 K
1.099196 10 10 7 K
1.133557 10 10 8 K
1.149736 10 10 9 K
1.176875 10 10 10 K
1.222827 10 10 11 K
1.249077 10 10 12 K
1.276158 10 10 13 K
1.297493 10 10 14 K
1.311583 10 10 0 K
1.354335 10 10 1 K
1.395614 10 10 2 K
1.534430 10 10 2 k
0.000097 14 14 14 O
0.019387 14 14 13 O
0.043879 14 14 12 O
0.095474 14 14 11 O
0.136480 14 14 10 O
0.177377 14 14 9 O
0.191662 14 14 8 O
0.221590 14 14 7 O
0.245955 14 14 6 O
0.283215 14 14 5 O
0.309241 14 14 4 O
0.325612 14 14 3 O
0.364413 14 14 2 O
0.393789 14 14 1 O
0.417526 14 14 0 O
0.464412 14 14 14 O
0.511283 14 14 13 O
0.524357 14 14 12 O
0.574733 14 14 11 O
0.587195 14 14 10 O
0.615494 14 14 9 O
0.643668 14 14 8 O
0.681890 14 14 7 O
0.694533 14 14 6 O
0.719648 14 14 5 O
0.765832 14 14 4 O
0.788393 14 14 3 O
0.840364 14 14 2 O
0.889490 14 14 1 O
0.983244 14 14 0 O
1.001516 14 14 14 O
1.058535 14 14 13 O
1.082781 14 14 12 O
1.099145 14 14 11 O
1.133441 14 14 10 O
1.179332 14 14 9 O
1.222588 14 14 8 O
1.249245 14 14 7 O
1.276437 14 14 6 O
1.310186 14 14 5 O
1.354287 14 14 4 O
1.382338 14 14 3 O
1.434186 14 14 2 O
1.580649 14 14 2 o
0.000095 7 7 7 H
0.031544 7 6 7 H
0.042710 7 5 7 H
0.076259 7 4 7 H
0.097406 7 3 7 H
0.108976 7 2 7 H
0.150852 7 1 7 H
0.174945 7 0 7 H
0.186667 7 14 7 H
0.221583 7 13 7 H
0.247960 7 12 7 H
0.286841 7 11 7 H
0.335039 7 10 7 H
0.368534 7 9 7 H
0.409480 7 8 7 H
0.445450 7 7 7 H
0.457434 7 6 7 H
0.481894 7 5 7 H
0.534370 7 4 7 H
0.559427 7 3 7 H
0.574726 7 2 7 H
0.595639 7 1 7 H
0.612691 7 0 7 H
0.633189 7 14 7 H
0.666232 7 13 7 H
0.681596 7 12 7 H
0.717908 7 11 7 H
0.756859 7 10 7 H
0.806392 7 9 7 H
0.819887 7 8 7 H
0.845676 7 7 7 H
0.874595 7 6 7 H
0.904070 7 5 7 H
0.983248 7 4 7 H
1.058538 7 3 7 H
1.100967 7 2 7 H
1.144797 7 1 7 H
1.177236 7 0 7 H
1.209860 7 14 7 H
1.249111 7 13 7 H
1.276150 7 12 7 H
1.297539 7 11 7 H
1.311328 7 10 7 H
1.353832 7 9 7 H
1.401780 7 8 7 H
1.453979 7 7 7 H
1.479542 7 6 7 H
1.529344 7 5 7 H
1.569119 7 4 7 H
1.622312 7 3 7 H
1.640013 7 2 7 H
1.651260 7 1 7 H
1.678357 7 0 7 H
1.711309 7 14 7 H
1.755756 7 13 7 H
1.768687 7 12 7 H
1.803259 7 11 7 H
1.853299 7 10 7 H
1.872707 7 9 7 H
1.914282 7 8 7 H
1.930700 7 7 7 H
1.976960 7 6 7 H
2.006655 7 5 7 H
0.000094 6 6 6 G
0.015523 6 6 5 G
0.045588 6 6 4 G
0.087393 6 6 3 G
0.101246 6 6 2 G
0.124068 6 6 1 G
0.174949 6 6 0 G
0.207178 6 6 14 G
0.251631 6 6 13 G
0.289756 6 6 12 G
0.315759 6 6 11 G
0.353707 6 6 10 G
0.403632 6 6 9 G
0.440430 6 6 8 G
0.481899 6 6 7 G
0.534374 6 6 6 G
0.571674 6 6 5 G
0.606988 6 6 4 G
0.645652 6 6 3 G
0.687248 6 6 2 G
0.712667 6 6 1 G
0.762626 6 6 0 G
0.786543 6 6 14 G
0.808506 6 6 13 G
0.874519 6 6 12 G
0.904347 6 6 11 G
0.983252 6 6 10 G
1.058500 6 6 9 G
1.079009 6 6 8 G
1.133412 6 6 7 G
1.149743 6 6 6 G
1.176866 6 6 5 G
1.204151 6 6 4 G
1.249239 6 6 3 G
1.276420 6 6 2 G
1.326826 6 6 1 G
1.382327 6 6 0 G
1.434182 6 6 14 G
1.479546 6 6 13 G
1.492582 6 6 12 G
1.567899 6 6 11 G
1.580708 6 6 10 G
1.594096 6 6 9 G
1.641922 6 6 8 G
1.689818 6 6 7 G
1.718943 6 6 6 G
1.734436 6 6 5 G
1.769951 6 6 4 G
1.799416 6 6 3 G
1.849237 6 6 2 G
1.877613 6 6 1 G
1.899454 6 6 0 G
1.926455 6 6 14 G
1.995691 6 6 13 G
2.037956 6 6 12 G
0.000094 4 4 4 E
0.027612 4 4 3 E
0.048620 4 4 2 E
0.067376 4 4 1 E
0.099104 4 4 0 E
0.150928 4 4 14 E
0.175082 4 4 13 E
0.203004 4 4 12 E
0.224519 4 4 11 E
0.242265 4 4 10 E
0.286848 4 4 9 E
0.319757 4 4 8 E
0.364460 4 4 7 E
0.393749 4 4 6 E
0.407568 4 4 5 E
0.427562 4 4 4 E
0.448403 4 4 3 E
0.490569 4 4 2 E
0.534365 4 4 1 E
0.549066 4 4 0 E
0.595442 4 4 14 E
0.637772 4 4 13 E
0.683567 4 4 12 E
0.697177 4 4 11 E
0.730417 4 4 10 E
0.771328 4 4 9 E
0.796101 4 4 8 E
0.840374 4 4 7 E
0.874538 4 4 6 E
1.058291 4 4 5 E
1.099191 4 4 4 E
1.133567 4 4 3 E
1.159521 4 4 2 E
1.198550 4 4 1 E
1.222577 4 4 0 E
1.258929 4 4 14 E
1.297700 4 4 13 E
1.331082 4 4 12 E
1.382371 4 4 11 E
1.434174 4 4 10 E
1.453937 4 4 9 E
1.479497 4 4 8 E
1.514193 4 4 7 E
1.559019 4 4 6 E
1.570997 4 4 5 E
1.622357 4 4 4 E
1.655931 4 4 3 E
1.695775 4 4 2 E
1.734427 4 4 1 E
1.775487 4 4 0 E
1.822640 4 4 14 E
1.863338 4 4 13 E
1.910246 4 4 12 E
1.948932 4 4 11 E
1.961640 4 4 10 E
1.980262 4 4 9 E
2.022054 4 4 8 E
2.049507 4 4 7 E
2.087531 4 4 6 E
2.130532 4 4 5 E
2.145897 4 4 4 E
2.179837 4 4 3 E
2.206336 4 4 2 E
2.224275 4 4 1 E
2.259148 4 4 0 E
2.298637 4 4 14 E
2.323400 4 4 13 E
2.376984 4 4 12 E
2.403012 4 4 11 E
2.427979 4 4 10 E
0.000094 5 5 5 F
0.045592 5 6 5 F
0.060258 5 7 5 F
0.136496 5 8 5 F
0.177382 5 9 5 F
0.195218 5 10 5 F
0.222698 5 11 5 F
0.267393 5 12 5 F
0.279011 5 13 5 F
0.309247 5 14 5 F
0.325706 5 0 5 F
0.355815 5 1 5 F
0.405565 5 2 5 F
0.417560 5 3 5 F
0.430381 5 4 5 F
0.460385 5 5 5 F
0.498391 5 6 5 F
0.534147 5 7 5 F
0.559365 5 8 5 F
0.595635 5 9 5 F
0.608741 5 10 5 F
0.635317 5 11 5 F
0.672867 5 12 5 F
0.714766 5 13 5 F
0.765838 5 14 5 F
0.786444 5 0 5 F
0.809723 5 1 5 F
0.848781 5 2 5 F
0.889540 5 3 5 F
0.983352 5 4 5 F
1.058287 5 5 5 F
1.099199 5 6 5 F
1.133574 5 7 5 F
1.179086 5 8 5 F
1.198543 5 9 5 F
1.222592 5 10 5 F
1.276432 5 11 5 F
1.326769 5 12 5 F
1.354250 5 13 5 F
1.382477 5 14 5 F
1.400742 5 0 5 F
1.453945 5 1 5 F
1.479444 5 2 5 F
1.525234 5 3 5 F
1.547194 5 4 5 F
1.569249 5 5 5 F
1.611880 5 6 5 F
1.626191 5 7 5 F
1.675978 5 8 5 F
1.695816 5 9 5 F
1.743232 5 10 5 F
1.776665 5 11 5 F
1.795338 5 12 5 F
1.839750 5 13 5 F
1.861258 5 14 5 F
1.910296 5 0 5 F
1.926464 5 1 5 F
1.963600 5 2 5 F
1.975271 5 3 5 F
1.995894 5 4 5 F
2.043121 5 5 5 F
2.092556 5 6 5 F
2.136050 5 7 5 F
2.177080 5 8 5 F
2.206410 5 9 5 F
2.251121 5 10 5 F
2.278795 5 11 5 F
2.316669 5 12 5 F
2.376862 5 13 5 F
2.402821 5 14 5 F
2.435851 5 0 5 F
2.479897 5 1 5 F
2.510949 5 2 5 F
0.000095 8 8 8 I
0.025706 8 8 7 I
0.054332 8 8 6 I
0.097275 8 8 5 I
0.136493 8 8 4 I
0.179531 8 8 3 I
0.197323 8 8 2 I
0.224488 8 8 1 I
0.242313 8 8 0 I
0.267381 8 8 14 I
0.311165 8 8 13 I
0.329485 8 8 12 I
0.364510 8 8 11 I
0.398566 8 8 10 I
0.415584 8 8 9 I
0.453573 8 8 8 I
0.473280 8 8 7 I
0.504399 8 8 6 I
0.518376 8 8 5 I
0.559363 8 8 4 I
0.587206 8 8 3 I
0.633181 8 8 2 I
0.670846 8 8 1 I
0.697184 8 8 0 I
0.711411 8 8 14 I
0.760793 8 8 13 I
0.788539 8 8 12 I
0.840130 8 8 11 I
0.874523 8 8 10 I
0.983377 8 8 9 I
1.058329 8 8 8 I
1.079064 8 8 7 I
1.133566 8 8 6 I
1.159531 8 8 5 I
1.179075 8 8 4 I
1.222832 8 8 3 I
1.249116 8 8 2 I
1.278385 8 8 1 I
1.311761 8 8 0 I
1.382334 8 8 14 I
1.397399 8 8 13 I
1.434165 8 8 12 I
1.479558 8 8 11 I
1.503203 8 8 10 I
1.525247 8 8 9 I
1.547185 8 8 8 I
1.580489 8 8 7 I
1.594087 8 8 6 I
1.624264 8 8 5 I
1.640006 8 8 4 I
1.661845 8 8 3 I
1.700590 8 8 2 I
1.747958 8 8 1 I
1.779571 8 8 0 I
1.811064 8 8 14 I
1.822633 8 8 13 I
1.835358 8 8 12 I
1.874625 8 8 11 I
1.895513 8 8 10 I
1.928694 8 8 9 I
1.941603 8 8 8 I
1.988497 8 8 7 I
2.027522 8 8 6 I
2.065272 8 8 5 I
2.077454 8 8 4 I
2.092564 8 8 3 I
2.104616 8 8 2 I
2.130440 8 8 1 I
2.179901 8 8 0 I
2.206414 8 8 14 I
2.241945 8 8 13 I
2.279245 8 8 12 I
2.349314 8 8 11 I
2.403018 8 8 10 I
2.452019 8 8 9 I
2.479840 8 8 8 I
2.521290 8 8 7 I
2.579984 8 8 6 I
0.000096 12 12 12 M
0.019346 12 12 11 M
0.036966 12 12 10 M
0.057287 12 12 9 M
0.074537 12 12 8 M
0.116058 12 12 7 M
0.150857 12 12 6 M
0.174937 12 12 5 M
0.208867 12 12 4 M
0.247935 12 12 3 M
0.294635 12 12 2 M
0.317758 12 12 1 M
0.338294 12 12 0 M
0.357794 12 12 14 M
0.403566 12 12 13 M
0.417564 12 12 12 M
0.451857 12 12 11 M
0.477952 12 12 10 M
0.516387 12 12 9 M
0.559420 12 12 8 M
0.595438 12 12 7 M
0.639784 12 12 6 M
0.714773 12 12 5 M
0.742223 12 12 4 M
0.771365 12 12 3 M
0.840134 12 12 2 M
0.874503 12 12 1 M
0.904353 12 12 0 M
0.983283 12 12 14 M
1.001528 12 12 13 M
1.058528 12 12 12 M
1.082773 12 12 11 M
1.133403 12 12 10 M
1.177242 12 12 9 M
1.222584 12 12 8 M
1.297543 12 12 7 M
1.310193 12 12 6 M
1.354252 12 12 5 M
1.403821 12 12 4 M
1.434170 12 12 3 M
1.479554 12 12 2 M
1.505242 12 12 1 M
1.525242 12 12 0 M
1.557036 12 12 14 M
1.569240 12 12 13 M
1.594260 12 12 12 M
1.640242 12 12 11 M
1.653285 12 12 10 M
1.675986 12 12 9 M
1.711314 12 12 8 M
1.728150 12 12 7 M
1.753849 12 12 6 M
1.839756 12 12 5 M
1.888303 12 12 4 M
1.914227 12 12 3 M
1.930623 12 12 2 M
1.980137 12 12 1 M
2.012888 12 12 0 M
2.065329 12 12 14 M
2.095442 12 12 13 M
2.109322 12 12 12 M
2.145889 12 12 11 M
2.165653 12 12 10 M
2.179907 12 12 9 M
2.217627 12 12 8 M
2.241892 12 12 7 M
2.259333 12 12 6 M
2.376865 12 12 5 M
2.415147 12 12 4 M
2.452231 12 12 3 M
2.509546 12 12 2 M
2.579906 12 12 1 M
2.636771 12 12 0 M
2.683099 12 12 14 M
2.736951 12 12 13 M
2.776264 12 12 12 M
2.821600 12 12 11 M
0.000096 11 11 11 L
0.037035 11 12 11 L
0.087673 11 13 11 L
0.136487 11 14 11 L
0.150844 11 0 11 L
0.174982 11 1 11 L
0.214737 11 2 11 L
0.249948 11 3 11 L
0.285065 11 4 11 L
0.300343 11 5 11 L
0.353713 11 6 11 L
0.400510 11 7 11 L
0.443555 11 8 11 L
0.455612 11 9 11 L
0.498365 11 10 11 L
0.534345 11 11 11 L
0.549081 11 12 11 L
0.571710 11 13 11 L
0.587602 11 14 11 L
0.612726 11 0 11 L
0.659825 11 1 11 L
0.681896 11 2 11 L
0.726589 11 3 11 L
0.775278 11 4 11 L
0.819896 11 5 11 L
0.874533 11 6 11 L
0.889545 11 7 11 L
0.983359 11 8 11 L
1.058296 11 9 11 L
1.133562 11 10 11 L
1.148066 11 11 11 L
1.180899 11 12 11 L
1.200220 11 13 11 L
1.249120 11 14 11 L
1.297533 11 0 11 L
1.326762 11 1 11 L
1.382473 11 2 11 L
1.398779 11 3 11 L
1.434178 11 4 11 L
1.479550 11 5 11 L
1.525234 11 6 11 L
1.567893 11 7 11 L
1.594253 11 8 11 L
1.628241 11 9 11 L
1.640017 11 10 11 L
1.671947 11 11 11 L
1.711190 11 12 11 L
1.734392 11 13 11 L
1.749892 11 14 11 L
1.783280 11 0 11 L
1.811057 11 1 11 L
1.845962 11 2 11 L
1.859341 11 3 11 L
1.874686 11 4 11 L
1.905927 11 5 11 L
1.947121 11 6 11 L
1.965567 11 7 11 L
2.008731 11 8 11 L
2.038237 11 9 11 L
2.067975 11 10 11 L
2.107088 11 11 11 L
2.165659 11 12 11 L
2.208317 11 13 11 L
2.241949 11 14 11 L
2.259156 11 0 11 L
2.316910 11 1 11 L
2.349308 11 2 11 L
2.376997 11 3 11 L
2.428263 11 4 11 L
2.479827 11 5 11 L
2.509494 11 6 11 L
2.579963 11 7 11 L
2.636960 11 8 11 L
2.683300 11 9 11 L
2.737253 11 10 11 L
2.776309 11 11 11 L
2.928835 11 11 11 l
0.000097 13 13 13 N
0.039782 13 12 13 N
0.087610 13 11 13 N
0.104320 13 10 13 N
0.150919 13 9 13 N
0.183474 13 8 13 N
0.195210 13 7 13 N
0.222705 13 6 13 N
0.251626 13 5 13 N
0.267421 13 4 13 N
0.283208 13 3 13 N
0.331112 13 2 13 N
0.366060 13 1 13 N
0.387831 13 0 13 N
0.415980 13 14 13 N
0.429287 13 13 13 N
0.460389 13 12 13 N
0.505436 13 11 13 N
0.534339 13 10 13 N
0.571715 13 9 13 N
0.617459 13 8 13 N
0.635310 13 7 13 N
0.653352 13 6 13 N
0.679614 13 5 13 N
0.728373 13 4 13 N
0.771336 13 3 13 N
0.819892 13 2 13 N
0.874529 13 1 13 N
0.904361 13 0 13 N
0.983237 13 14 13 N
1.058532 13 13 13 N
1.099483 13 12 13 N
1.142251 13 11 13 N
1.177245 13 10 13 N
1.224475 13 9 13 N
1.249250 13 8 13 N
1.297694 13 7 13 N
1.329170 13 6 13 N
1.354210 13 5 13 N
1.382469 13 4 13 N
1.434153 13 3 13 N
1.491166 13 2 13 N
1.532180 13 1 13 N
1.554643 13 0 13 N
1.611769 13 14 13 N
1.651314 13 13 13 N
1.691812 13 12 13 N
1.736461 13 11 13 N
1.781380 13 10 13 N
1.835154 13 9 13 N
1.865164 13 8 13 N
1.902286 13 7 13 N
1.943259 13 6 13 N
1.995684 13 5 13 N
2.008724 13 4 13 N
2.038244 13 3 13 N
2.072812 13 2 13 N
2.085221 13 1 13 N
2.130528 13 0 13 N
2.181119 13 14 13 N
2.208162 13 13 13 N
2.259339 13 12 13 N
2.270273 13 11 13 N
2.290721 13 10 13 N
2.316704 13 9 13 N
2.349040 13 8 13 N
2.376853 13 7 13 N
2.415154 13 6 13 N
2.452260 13 5 13 N
2.509541 13 4 13 N
2.579909 13 3 13 N
2.636776 13 2 13 N
2.683091 13 1 13 N
2.736908 13 0 13 N
2.822003 13 14 13 N
2.869193 13 13 13 N
2.887234 13 12 13 N
2.928831 13 11 13 N
2.973941 13 10 13 N
3.019562 13 9 13 N
3.054270 13 8 13 N
0.000095 9 9 9 J
0.048542 9 8 9 J
0.095466 9 7 9 J
0.141723 9 6 9 J
0.185410 9 5 9 J
0.201105 9 4 9 J
0.229336 9 3 9 J
0.281027 9 2 9 J
0.303403 9 1 9 J
0.315887 9 0 9 J
0.352633 9 14 9 J
0.368320 9 13 9 J
0.386019 9 12 9 J
0.402467 9 11 9 J
0.434258 9 10 9 J
0.473336 9 9 9 J
0.496699 9 8 9 J
0.518346 9 7 9 J
0.538411 9 6 9 J
0.559355 9 5 9 J
0.607404 9 4 9 J
0.626478 9 3 9 J
0.664228 9 2 9 J
0.712694 9 1 9 J
0.736326 9 0 9 J
0.754456 9 14 9 J
0.806192 9 13 9 J
0.840123 9 12 9 J
0.874515 9 11 9 J
0.983356 9 10 9 J
1.058278 9 9 9 J
1.082950 9 8 9 J
1.099203 9 7 9 J
1.133595 9 6 9 J
1.144836 9 5 9 J
1.176859 9 4 9 J
1.222822 9 3 9 J
1.258884 9 2 9 J
1.297528 9 1 9 J
1.333140 9 0 9 J
1.354220 9 14 9 J
1.395606 9 13 9 J
1.411607 9 12 9 J
1.434161 9 11 9 J
1.491173 9 10 9 J
1.525242 9 9 9 J
1.547189 9 8 9 J
1.594093 9 7 9 J
1.641929 9 6 9 J
1.678084 9 5 9 J
1.703302 9 4 9 J
1.734482 9 3 9 J
1.765500 9 2 9 J
1.779564 9 1 9 J
1.808994 9 0 9 J
1.836964 9 14 9 J
1.855273 9 13 9 J
1.885347 9 12 9 J
1.933592 9 11 9 J
1.952152 9 10 9 J
1.995899 9 9 9 J
2.021982 9 8 9 J
2.067983 9 7 9 J
2.085420 9 6 9 J
2.104616 9 5 9 J
2.130523 9 4 9 J
2.160421 9 3 9 J
2.174127 9 2 9 J
2.195562 9 1 9 J
2.206405 9 0 9 J
2.241941 9 14 9 J
2.290780 9 13 9 J
2.323349 9 12 9 J
2.349033 9 11 9 J
2.402793 9 10 9 J
2.435548 9 9 9 J
2.479843 9 8 9 J
2.513035 9 7 9 J
2.579898 9 6 9 J
2.636764 9 5 9 J
2.683103 9 4 9 J
2.736916 9 3 9 J
2.821996 9 2 9 J
2.866164 9 1 9 J
2.907928 9 0 9 J
2.951585 9 14 9 J
2.998307 9 13 9 J
3.054231 9 12 9 J
3.096256 9 11 9 J
3.131824 9 10 9 J
3.183885 9 9 9 J
3.218409 9 8 9 J
3.239322 9 7 9 J
3.253617 9 6 9 J
