-1  15  15  15
 0.000000000  1  1  1  B
 0.005583655  1  2  1  B
 0.029369828  1  3  1  B
 0.054993209  1  4  1  B
 0.075961234  1  5  1  B
 0.102817721  1  6  1  B
 0.147444211  1  7  1  B
 0.184831069  1  8  1  B
 0.233644189  1  9  1  B
 0.280884176  1  10  1  B
 0.297311781  1  11  1  B
 0.325486929  1  12  1  B
 0.373287046  1  13  1  B
 0.391794394  1  14  1  B
 0.418575573  1  0  1  B
 0.455431855  1  1  1  B
 0.475921092  1  2  1  B
 0.537873853  1  3  1  B
 0.558478297  1  4  1  B
 0.605408183  1  5  1  B
 0.649856638  1  6  1  B
 0.000000000  2  2  2  C
 0.005713739  2  2  3  C
 0.075641216  2  2  4  C
 0.088375043  2  2  5  C
 0.114528624  2  2  6  C
 0.133702037  2  2  7  C
 0.147937471  2  2  8  C
 0.179238671  2  2  9  C
 0.204161838  2  2  10  C
 0.248960986  2  2  11  C
 0.280907976  2  2  12  C
 0.325285450  2  2  13  C
 0.359994169  2  2  14  C
 0.402292890  2  2  0  C
 0.455390693  2  2  1  C
 0.513152295  2  2  2  C
 0.537861510  2  2  3  C
 0.605484570  2  2  4  C
 0.617765189  2  2  5  C
 0.000000000  6  6  6  G
 0.006262602  6  6  7  G
 0.056215754  6  6  8  G
 0.097001770  6  6  9  G
 0.147458774  6  6  10  G
 0.177369925  6  6  11  G
 0.248941381  6  6  12  G
 0.285578119  6  6  13  G
 0.300771368  6  6  14  G
 0.348936928  6  6  0  G
 0.378865715  6  6  1  G
 0.418607178  6  6  2  G
 0.455423134  6  6  3  G
 0.521694124  6  6  4  G
 0.605439756  6  6  5  G
 0.634288190  6  6  6  G
 0.682687252  6  6  7  G
 0.699591200  6  6  8  G
 0.758668286  6  6  9  G
 0.774826782  6  6  10  G
 0.817131166  6  6  11  G
 0.876557395  6  6  12  G
 0.902508821  6  6  13  G
 0.918738641  6  6  14  G
 0.939452182  6  6  0  G
 0.963255786  6  6  0  g
 0.000000000  5  5  5  F
 0.006156923  5  4  5  F
 0.055986899  5  3  5  F
 0.073198178  5  2  5  F
 0.133685637  5  1  5  F
 0.147420921  5  0  5  F
 0.167412485  5  14  5  F
 0.183377643  5  13  5  F
 0.208072635  5  12  5  F
 0.241647156  5  11  5  F
 0.277818088  5  10  5  F
 0.344026633  5  9  5  F
 0.380306891  5  8  5  F
 0.402274169  5  7  5  F
 0.455512953  5  6  5  F
 0.475899135  5  5  5  F
 0.499979460  5  4  5  F
 0.546689703  5  3  5  F
 0.605474209  5  2  5  F
 0.646743819  5  1  5  F
 0.682678637  5  0  5  F
 0.731079362  5  14  5  F
 0.758643569  5  13  5  F
 0.781793828  5  12  5  F
 0.817139336  5  11  5  F
 0.855665258  5  10  5  F
 0.904344474  5  9  5  F
 0.952887472  5  8  5  F
 0.990155638  5  7  5  F
 1.014316369  5  6  5  F
 1.053392766  5  5  5  F
 1.073553951  5  4  5  F
 1.159043158  5  3  5  F
 1.207869009  5  3  5  f
 0.000000000  14  14  14  O
 0.009298220  14  14  0  O
 0.052311669  14  14  1  O
 0.096028517  14  14  2  O
 0.123795518  14  14  3  O
 0.134550512  14  14  4  O
 0.183206043  14  14  5  O
 0.233692313  14  14  6  O
 0.265653793  14  14  7  O
 0.333587136  14  14  8  O
 0.352248277  14  14  9  O
 0.378705325  14  14  10  O
 0.419272083  14  14  11  O
 0.455456062  14  14  12  O
 0.499921125  14  14  13  O
 0.566657897  14  14  14  O
 0.613826601  14  14  0  O
 0.657592558  14  14  1  O
 0.683046190  14  14  2  O
 0.710876877  14  14  3  O
 0.737013590  14  14  4  O
 0.771800703  14  14  5  O
 0.817069401  14  14  6  O
 0.855649069  14  14  7  O
 0.904272656  14  14  8  O
 0.917716040  14  14  9  O
 0.958814385  14  14  10  O
 1.014009018  14  14  11  O
 1.047114310  14  14  12  O
 1.080132858  14  14  13  O
 1.110515068  14  14  14  O
 1.158937130  14  14  0  O
 1.182390933  14  14  1  O
 1.220407085  14  14  2  O
 1.233889211  14  14  3  O
 1.250820590  14  14  4  O
 1.296921301  14  14  5  O
 1.346292914  14  14  6  O
 1.374826576  14  14  7  O
 1.413317912  14  14  8  O
 1.457189181  14  14  9  O
 1.493459411  14  14  10  O
 0.000000000  7  7  7  H
 0.006303276  7  6  7  H
 0.022776370  7  5  7  H
 0.056203911  7  4  7  H
 0.092424339  7  3  7  H
 0.123778253  7  2  7  H
 0.179385935  7  1  7  H
 0.233605659  7  0  7  H
 0.265644242  7  14  7  H
 0.282645472  7  13  7  H
 0.333567992  7  12  7  H
 0.380285244  7  11  7  H
 0.428198828  7  10  7  H
 0.475816442  7  9  7  H
 0.520550033  7  8  7  H
 0.560129119  7  7  7  H
 0.609396213  7  6  7  H
 0.649878160  7  5  7  H
 0.683574764  7  4  7  H
 0.736957704  7  3  7  H
 0.780674800  7  2  7  H
 0.800878889  7  1  7  H
 0.855683216  7  0  7  H
 0.888654056  7  14  7  H
 0.926157848  7  13  7  H
 0.963156654  7  12  7  H
 0.992010432  7  11  7  H
 1.038920828  7  10  7  H
 1.085558919  7  9  7  H
 1.121378843  7  8  7  H
 1.182365640  7  7  7  H
 1.222142203  7  6  7  H
 1.277823762  7  5  7  H
 1.327733146  7  4  7  H
 1.351553064  7  3  7  H
 1.395945833  7  2  7  H
 1.425080968  7  1  7  H
 1.478587186  7  0  7  H
 1.523705895  7  14  7  H
 1.543457189  7  13  7  H
 1.566223189  7  12  7  H
 1.602962841  7  11  7  H
 1.638066483  7  10  7  H
 1.658931615  7  9  7  H
 1.676472911  7  8  7  H
 1.711684195  7  7  7  H
 1.735650321  7  6  7  H
 1.766872170  7  5  7  H
 1.781963776  7  4  7  H
 1.830845759  7  3  7  H
 0.000000000  3  3  3  D
 0.005841645  3  2  3  D
 0.034540835  3  1  3  D
 0.075619125  3  0  3  D
 0.128418588  3  14  3  D
 0.183276558  3  13  3  D
 0.233706294  3  12  3  D
 0.265662367  3  11  3  D
 0.298847204  3  10  3  D
 0.325516595  3  9  3  D
 0.339848530  3  8  3  D
 0.391830105  3  7  3  D
 0.455447989  3  6  3  D
 0.475909206  3  5  3  D
 0.521673603  3  4  3  D
 0.605513833  3  3  3  D
 0.646765549  3  2  3  D
 0.695856222  3  1  3  D
 0.737102130  3  0  3  D
 0.771779826  3  14  3  D
 0.817122099  3  13  3  D
 0.855673697  3  12  3  D
 0.884909044  3  11  3  D
 0.918250777  3  10  3  D
 0.963177594  3  9  3  D
 0.973832748  3  8  3  D
 1.014215813  3  7  3  D
 1.036970929  3  6  3  D
 1.085568035  3  5  3  D
 1.110619217  3  4  3  D
 1.160907214  3  3  3  D
 1.197633144  3  2  3  D
 1.215890399  3  1  3  D
 1.252879086  3  0  3  D
 1.298569681  3  14  3  D
 1.314392236  3  13  3  D
 1.354826738  3  12  3  D
 1.375143967  3  11  3  D
 1.395313043  3  10  3  D
 1.446159105  3  9  3  D
 1.483506973  3  8  3  D
 1.524423181  3  7  3  D
 1.571482873  3  6  3  D
 1.591970282  3  5  3  D
 1.619025196  3  4  3  D
 1.638087386  3  3  3  D
 1.674964058  3  2  3  D
 1.720603250  3  1  3  D
 1.758100044  3  0  3  D
 1.798207017  3  14  3  D
 1.819139026  3  13  3  D
 1.833766908  3  12  3  D
 1.874864860  3  11  3  D
 1.905814480  3  10  3  D
 1.958970002  3  9  3  D
 1.998279240  3  8  3  D
 2.055148066  3  7  3  D
 2.087972336  3  6  3  D
 0.000000000  4  4  4  E
 0.005943539  4  4  3  E
 0.056413345  4  4  2  E
 0.105758129  4  4  1  E
 0.152278438  4  4  0  E
 0.200430307  4  4  14  E
 0.234021551  4  4  13  E
 0.248951671  4  4  12  E
 0.271585747  4  4  11  E
 0.325584015  4  4  10  E
 0.348958880  4  4  9  E
 0.402587531  4  4  8  E
 0.418557884  4  4  7  E
 0.475720382  4  4  6  E
 0.513351727  4  4  5  E
 0.605548268  4  4  4  E
 0.627207908  4  4  3  E
 0.683077435  4  4  2  E
 0.710850367  4  4  1  E
 0.758677597  4  4  0  E
 0.800831249  4  4  14  E
 0.833497086  4  4  13  E
 0.855619317  4  4  12  E
 0.884858647  4  4  11  E
 0.902488013  4  4  10  E
 0.946642875  4  4  9  E
 0.972773878  4  4  8  E
 1.019695408  4  4  7  E
 1.047142124  4  4  6  E
 1.063270685  4  4  5  E
 1.110615048  4  4  4  E
 1.158903709  4  4  3  E
 1.197747219  4  4  2  E
 1.220424342  4  4  1  E
 1.277805066  4  4  0  E
 1.312248214  4  4  14  E
 1.333767467  4  4  13  E
 1.401270905  4  4  12  E
 1.451759959  4  4  11  E
 1.478577191  4  4  10  E
 1.523669135  4  4  9  E
 1.563683271  4  4  8  E
 1.584199834  4  4  7  E
 1.599543905  4  4  6  E
 1.623058160  4  4  5  E
 1.667705686  4  4  4  E
 1.679118388  4  4  3  E
 1.729462324  4  4  2  E
 1.757916633  4  4  1  E
 1.807094038  4  4  0  E
 1.822109770  4  4  14  E
 1.835396278  4  4  13  E
 1.895291825  4  4  12  E
 1.934037139  4  4  11  E
 1.972627839  4  4  10  E
 2.023290634  4  4  9  E
 2.040087715  4  4  8  E
 2.071958509  4  4  7  E
 2.105836813  4  4  6  E
 2.151287141  4  4  5  E
 2.196062642  4  4  4  E
 2.231726969  4  4  3  E
 0.000000000  10  10  10  K
 0.006511080  10  10  11  K
 0.041411475  10  10  12  K
 0.058004235  10  10  13  K
 0.078519426  10  10  14  K
 0.111005378  10  10  0  K
 0.142610807  10  10  1  K
 0.177389849  10  10  2  K
 0.211219639  10  10  3  K
 0.248969894  10  10  4  K
 0.270451148  10  10  5  K
 0.297294085  10  10  6  K
 0.343892238  10  10  7  K
 0.378689364  10  10  8  K
 0.402611690  10  10  9  K
 0.455465631  10  10  10  K
 0.475931169  10  10  11  K
 0.537822500  10  10  12  K
 0.605504328  10  10  13  K
 0.653544140  10  10  14  K
 0.691627822  10  10  0  K
 0.731056492  10  10  1  K
 0.778964819  10  10  2  K
 0.800810876  10  10  3  K
 0.855647355  10  10  4  K
 0.890880094  10  10  5  K
 0.952912944  10  10  6  K
 0.972793358  10  10  7  K
 1.014268467  10  10  8  K
 1.063200749  10  10  9  K
 1.095649616  10  10  10  K
 1.110636631  10  10  11  K
 1.133764139  10  10  12  K
 1.143919544  10  10  13  K
 1.195840622  10  10  14  K
 1.238778875  10  10  0  K
 1.296967780  10  10  1  K
 1.328568446  10  10  2  K
 1.351560955  10  10  3  K
 1.375123608  10  10  4  K
 1.413395958  10  10  5  K
 1.444472225  10  10  6  K
 1.493432507  10  10  7  K
 1.516713541  10  10  8  K
 1.560612715  10  10  9  K
 1.584349738  10  10  10  K
 1.619050653  10  10  11  K
 1.630405452  10  10  12  K
 1.678922284  10  10  13  K
 1.711694053  10  10  14  K
 1.744347079  10  10  0  K
 1.771666774  10  10  1  K
 1.797555214  10  10  2  K
 1.840577901  10  10  3  K
 1.871883247  10  10  4  K
 1.922593964  10  10  5  K
 1.958960446  10  10  6  K
 2.014392190  10  10  7  K
 2.040368453  10  10  8  K
 2.082767565  10  10  9  K
 2.093815386  10  10  10  K
 2.115576437  10  10  11  K
 2.139391285  10  10  12  K
 2.151347017  10  10  13  K
 2.167800947  10  10  14  K
 2.216860187  10  10  0  K
 2.259392509  10  10  1  K
 0.000000000  13  13  13  N
 0.009261641  13  12  13  N
 0.028631857  13  11  13  N
 0.050153397  13  10  13  N
 0.111021354  13  9  13  N
 0.123786570  13  8  13  N
 0.142602502  13  7  13  N
 0.193205761  13  6  13  N
 0.233702976  13  5  13  N
 0.259881285  13  4  13  N
 0.299895017  13  3  13  N
 0.344050279  13  2  13  N
 0.402304657  13  1  13  N
 0.431588667  13  0  13  N
 0.475858791  13  14  13  N
 0.513245488  13  13  13  N
 0.566569119  13  12  13  N
 0.614614797  13  11  13  N
 0.652553408  13  10  13  N
 0.699682013  13  9  13  N
 0.720547246  13  8  13  N
 0.771774014  13  7  13  N
 0.800902515  13  6  13  N
 0.833553610  13  5  13  N
 0.876539059  13  4  13  N
 0.888654110  13  3  13  N
 0.926132444  13  2  13  N
 0.939517754  13  1  13  N
 0.951061751  13  0  13  N
 0.973990833  13  14  13  N
 1.014301602  13  13  13  N
 1.025207883  13  12  13  N
 1.053414660  13  11  13  N
 1.086401643  13  10  13  N
 1.121362342  13  9  13  N
 1.163623266  13  8  13  N
 1.213469640  13  7  13  N
 1.252903708  13  6  13  N
 1.298592018  13  5  13  N
 1.336085263  13  4  13  N
 1.375066194  13  3  13  N
 1.401140319  13  2  13  N
 1.444432264  13  1  13  N
 1.493449420  13  0  13  N
 1.504615331  13  14  13  N
 1.538038754  13  13  13  N
 1.560636836  13  12  13  N
 1.584366055  13  11  13  N
 1.618883432  13  10  13  N
 1.640659670  13  9  13  N
 1.679064984  13  8  13  N
 1.712113411  13  7  13  N
 1.758112523  13  6  13  N
 1.771674733  13  5  13  N
 1.812015322  13  4  13  N
 1.853887291  13  3  13  N
 1.895279122  13  2  13  N
 1.936454261  13  1  13  N
 1.958905597  13  0  13  N
 1.972650386  13  14  13  N
 2.023312479  13  13  13  N
 2.055117764  13  12  13  N
 2.105827769  13  11  13  N
 2.143612578  13  10  13  N
 2.155939037  13  9  13  N
 2.167655611  13  8  13  N
 2.212792834  13  7  13  N
 2.259207034  13  6  13  N
 2.275286277  13  5  13  N
 2.302722936  13  4  13  N
 0.000000000  9  9  9  J
 0.006471916  9  10  9  J
 0.041441525  9  11  9  J
 0.071823235  9  12  9  J
 0.116901290  9  13  9  J
 0.167438429  9  14  9  J
 0.193224070  9  0  9  J
 0.233721786  9  1  9  J
 0.248744045  9  2  9  J
 0.294074314  9  3  9  J
 0.325183331  9  4  9  J
 0.350984768  9  5  9  J
 0.378715027  9  6  9  J
 0.402214328  9  7  9  J
 0.430236375  9  8  9  J
 0.455439900  9  9  9  J
 0.499962005  9  10  9  J
 0.520547498  9  11  9  J
 0.546699239  9  12  9  J
 0.605429114  9  13  9  J
 0.653570271  9  14  9  J
 0.695833487  9  0  9  J
 0.758652475  9  1  9  J
 0.772670529  9  2  9  J
 0.817092282  9  3  9  J
 0.876548336  9  4  9  J
 0.919697837  9  5  9  J
 0.972693636  9  6  9  J
 1.019719097  9  7  9  J
 1.047133337  9  8  9  J
 1.095467105  9  9  9  J
 1.126206614  9  10  9  J
 1.182399913  9  11  9  J
 1.220433586  9  12  9  J
 1.277832691  9  13  9  J
 1.312228523  9  14  9  J
 1.346396369  9  0  9  J
 1.374802861  9  1  9  J
 1.413232203  9  2  9  J
 1.457226053  9  3  9  J
 1.493342877  9  4  9  J
 1.532447900  9  5  9  J
 1.544423475  9  6  9  J
 1.584366524  9  7  9  J
 1.630271556  9  8  9  J
 1.677798674  9  9  9  J
 1.700317283  9  10  9  J
 1.746098663  9  11  9  J
 1.771683897  9  12  9  J
 1.822136594  9  13  9  J
 1.867857488  9  14  9  J
 1.895252613  9  0  9  J
 1.948810838  9  1  9  J
 1.998110542  9  2  9  J
 2.042041835  9  3  9  J
 2.071967263  9  4  9  J
 2.115627863  9  5  9  J
 2.135827371  9  6  9  J
 2.159805637  9  7  9  J
 2.207646480  9  8  9  J
 2.231768557  9  9  9  J
 2.261985304  9  10  9  J
 2.295933918  9  11  9  J
 2.349994334  9  12  9  J
 2.385416006  9  13  9  J
 0.000000000  0  0  0  A
 0.004690506  0  0  1  A
 0.028462689  0  0  2  A
 0.056180247  0  0  3  A
 0.072424471  0  0  4  A
 0.123755286  0  0  5  A
 0.183394801  0  0  6  A
 0.204100842  0  0  7  A
 0.248889567  0  0  8  A
 0.265614917  0  0  9  A
 0.280669942  0  0  10  A
 0.294055260  0  0  11  A
 0.315152510  0  0  12  A
 0.346770182  0  0  13  A
 0.391771790  0  0  14  A
 0.455501927  0  0  0  A
 0.499945351  0  0  1  A
 0.546672466  0  0  2  A
 0.566476121  0  0  3  A
 0.605304817  0  0  4  A
 0.620686605  0  0  5  A
 0.635298684  0  0  6  A
 0.654751877  0  0  7  A
 0.682666993  0  0  8  A
 0.721686393  0  0  9  A
 0.772653492  0  0  10  A
 0.800841950  0  0  11  A
 0.855633214  0  0  12  A
 0.902502154  0  0  13  A
 0.926130770  0  0  14  A
 0.972776846  0  0  0  A
 1.021770299  0  0  1  A
 1.063149211  0  0  2  A
 1.095664178  0  0  3  A
 1.141680532  0  0  4  A
 1.160885560  0  0  5  A
 1.195850452  0  0  6  A
 1.242771046  0  0  7  A
 1.296939132  0  0  8  A
 1.336062790  0  0  9  A
 1.413256499  0  0  10  A
 1.428903761  0  0  11  A
 1.457216050  0  0  12  A
 1.480334124  0  0  13  A
 1.538065628  0  0  14  A
 1.560646940  0  0  0  A
 1.590756652  0  0  1  A
 1.627503207  0  0  2  A
 1.674985817  0  0  3  A
 1.714314960  0  0  4  A
 1.735626181  0  0  5  A
 1.781986234  0  0  6  A
 1.819117381  0  0  7  A
 1.855872589  0  0  8  A
 1.881686611  0  0  9  A
 1.905845207  0  0  10  A
 1.936429568  0  0  11  A
 1.972836990  0  0  12  A
 1.998270221  0  0  13  A
 2.046365088  0  0  14  A
 2.091971070  0  0  0  A
 2.115556218  0  0  1  A
 2.135804597  0  0  2  A
 2.183718926  0  0  3  A
 2.218736789  0  0  4  A
 2.259384251  0  0  5  A
 2.286012249  0  0  6  A
 2.318194032  0  0  7  A
 2.368239903  0  0  8  A
 2.413204001  0  0  9  A
 2.471249179  0  0  10  A
 0.000000000  11  11  11  L
 0.006549859  11  10  11  L
 0.058021152  11  9  11  L
 0.097019151  11  8  11  L
 0.136678904  11  7  11  L
 0.179937983  11  6  11  L
 0.202751963  11  5  11  L
 0.248922675  11  4  11  L
 0.284425689  11  3  11  L
 0.300910663  11  2  11  L
 0.343853953  11  1  11  L
 0.402550196  11  0  11  L
 0.455414226  11  14  11  L
 0.499991545  11  13  11  L
 0.520567416  11  12  11  L
 0.546671264  11  11  11  L
 0.566715470  11  10  11  L
 0.613798436  11  9  11  L
 0.629443387  11  8  11  L
 0.682647580  11  7  11  L
 0.699567615  11  6  11  L
 0.720558531  11  5  11  L
 0.758619872  11  4  11  L
 0.771792006  11  3  11  L
 0.817155769  11  2  11  L
 0.876516954  11  1  11  L
 0.914017974  11  0  11  L
 0.934525743  11  14  11  L
 0.951112477  11  13  11  L
 0.995635450  11  12  11  L
 1.039040753  11  11  11  L
 1.061186127  11  10  11  L
 1.101853272  11  9  11  L
 1.121157197  11  8  11  L
 1.158922331  11  7  11  L
 1.195809566  11  6  11  L
 1.224128363  11  5  11  L
 1.250796583  11  4  11  L
 1.277755906  11  3  11  L
 1.312266506  11  2  11  L
 1.374765548  11  1  11  L
 1.395398573  11  0  11  L
 1.437536434  11  14  11  L
 1.456930950  11  13  11  L
 1.478550874  11  12  11  L
 1.491148494  11  11  11  L
 1.532251765  11  10  11  L
 1.580215178  11  9  11  L
 1.627472502  11  8  11  L
 1.656956132  11  7  11  L
 1.700295571  11  6  11  L
 1.720592550  11  5  11  L
 1.771659622  11  4  11  L
 1.812039816  11  3  11  L
 1.844506767  11  2  11  L
 1.867785768  11  1  11  L
 1.905619284  11  0  11  L
 1.948786762  11  14  11  L
 1.972677144  11  13  11  L
 2.012303301  11  12  11  L
 2.030116468  11  11  11  L
 2.055139468  11  10  11  L
 2.080606169  11  9  11  L
 2.127873599  11  8  11  L
 2.140304656  11  7  11  L
 2.183571548  11  6  11  L
 2.216838248  11  5  11  L
 2.248558224  11  4  11  L
 2.287399567  11  3  11  L
 2.322837952  11  2  11  L
 2.385439069  11  1  11  L
 2.425587291  11  0  11  L
 2.454459920  11  14  11  L
 2.483299157  11  13  11  L
 2.509292640  11  12  11  L
 2.563406495  11  11  11  L
 0.000000000  8  8  8  I
 0.006347247  8  8  9  I
 0.022413607  8  8  10  I
 0.071847273  8  8  11  I
 0.105791404  8  8  12  I
 0.136555744  8  8  13  I
 0.193233636  8  8  14  I
 0.208049910  8  8  0  I
 0.233712355  8  8  1  I
 0.280895582  8  8  2  I
 0.315193648  8  8  3  I
 0.346792617  8  8  4  I
 0.391820963  8  8  5  I
 0.455521638  8  8  6  I
 0.483244074  8  8  7  I
 0.499953397  8  8  8  I
 0.537844220  8  8  9  I
 0.554530057  8  8  10  I
 0.605449218  8  8  11  I
 0.625543695  8  8  12  I
 0.647865801  8  8  13  I
 0.683061642  8  8  14  I
 0.720481292  8  8  0  I
 0.758686157  8  8  1  I
 0.783678604  8  8  2  I
 0.817147093  8  8  3  I
 0.855511323  8  8  4  I
 0.876571110  8  8  5  I
 0.889760863  8  8  6  I
 0.934503094  8  8  7  I
 0.946664865  8  8  8  I
 0.998806400  8  8  9  I
 1.039967280  8  8  10  I
 1.085523467  8  8  11  I
 1.101819978  8  8  12  I
 1.126232451  8  8  13  I
 1.141578380  8  8  14  I
 1.182407975  8  8  0  I
 1.230995013  8  8  1  I
 1.277813994  8  8  2  I
 1.312257350  8  8  3  I
 1.346409073  8  8  4  I
 1.388490026  8  8  5  I
 1.413429919  8  8  6  I
 1.444463230  8  8  7  I
 1.478635941  8  8  8  I
 1.500479241  8  8  9  I
 1.532435335  8  8  10  I
 1.552814032  8  8  11  I
 1.574672108  8  8  12  I
 1.619040997  8  8  13  I
 1.654596551  8  8  14  I
 1.711662176  8  8  0  I
 1.745099173  8  8  1  I
 1.771651358  8  8  2  I
 1.801646626  8  8  3  I
 1.848434313  8  8  4  I
 1.875009741  8  8  5  I
 1.905834654  8  8  6  I
 1.936452215  8  8  7  I
 1.958932430  8  8  8  I
 1.974531868  8  8  9  I
 2.014376896  8  8  10  I
 2.035207140  8  8  11  I
 2.077034032  8  8  12  I
 2.091952344  8  8  13  I
 2.115584942  8  8  14  I
 2.151372178  8  8  0  I
 2.173419011  8  8  1  I
 2.216868877  8  8  2  I
 2.261970897  8  8  3  I
 2.285956485  8  8  4  I
 2.308469564  8  8  5  I
 2.339615822  8  8  6  I
 2.391357619  8  8  7  I
 2.425607025  8  8  8  I
 2.454395780  8  8  9  I
 2.509251028  8  8  10  I
 2.563352972  8  8  11  I
 2.619723735  8  8  12  I
 2.641407787  8  8  13  I
 2.666731476  8  8  14  I
 2.686811532  8  8  0  I
 2.731351696  8  8  1  I
 2.771420551  8  8  2  I
 2.812894972  8  8  3  I
 0.000000000  12  12  12  M
 0.006589038  12  12  11  M
 0.045927480  12  12  10  M
 0.083424795  12  12  9  M
 0.098004098  12  12  8  M
 0.116886829  12  12  7  M
 0.161542983  12  12  6  M
 0.208082719  12  12  5  M
 0.277845226  12  12  4  M
 0.315176850  12  12  3  M
 0.366191733  12  12  2  M
 0.378685063  12  12  1  M
 0.414515142  12  12  0  M
 0.475885262  12  12  14  M
 0.499970687  12  12  13  M
 0.537883201  12  12  12  M
 0.605494257  12  12  11  M
 0.622582588  12  12  10  M
 0.644536355  12  12  9  M
 0.688362394  12  12  8  M
 0.737020826  12  12  7  M
 0.774627064  12  12  6  M
 0.833380122  12  12  5  M
 0.861790735  12  12  4  M
 0.884893657  12  12  3  M
 0.939396798  12  12  2  M
 0.990132468  12  12  1  M
 1.027399528  12  12  0  M
 1.061425454  12  12  14  M
 1.085540975  12  12  13  M
 1.110646871  12  12  12  M
 1.128360972  12  12  11  M
 1.160915988  12  12  10  M
 1.195821922  12  12  9  M
 1.215906210  12  12  8  M
 1.228986794  12  12  7  M
 1.256072342  12  12  6  M
 1.296958442  12  12  5  M
 1.346445242  12  12  4  M
 1.395252255  12  12  3  M
 1.427152905  12  12  2  M
 1.444976648  12  12  1  M
 1.469534211  12  12  0  M
 1.488244107  12  12  14  M
 1.504559616  12  12  13  M
 1.540915361  12  12  12  M
 1.580239201  12  12  11  M
 1.590950798  12  12  10  M
 1.637810548  12  12  9  M
 1.667682100  12  12  8  M
 1.713488321  12  12  7  M
 1.752031330  12  12  6  M
 1.797522610  12  12  5  M
 1.822126331  12  12  4  M
 1.856266763  12  12  3  M
 1.905898136  12  12  2  M
 1.934014921  12  12  1  M
 1.958776179  12  12  0  M
 1.998234087  12  12  14  M
 2.046375373  12  12  13  M
 2.071936772  12  12  12  M
 2.105805910  12  12  11  M
 2.146911631  12  12  10  M
 2.183572326  12  12  9  M
 2.207511888  12  12  8  M
 2.225075248  12  12  7  M
 2.241383782  12  12  6  M
 2.292672942  12  12  5  M
 2.329218070  12  12  4  M
 2.368308527  12  12  3  M
 2.391369888  12  12  2  M
 2.421433202  12  12  1  M
 2.454509599  12  12  0  M
 2.483130306  12  12  14  M
 2.532788466  12  12  13  M
 2.548302364  12  12  12  M
 2.576588542  12  12  11  M
 2.619836525  12  12  10  M
 2.663790718  12  12  9  M
 2.706735638  12  12  8  M
 2.731329044  12  12  7  M
 2.769894529  12  12  6  M
 2.808420053  12  12  5  M
 2.867720502  12  12  4  M
 2.902367952  12  12  3  M
 2.920171656  12  12  2  M
 2.975811215  12  12  1  M
 3.001802061  12  12  0  M
