-1 15 15 15
0.000099 8 8 8 I
0.098338 8 8 7 I
0.121403 8 8 6 I
0.140625 8 8 5 I
0.178357 8 8 4 I
0.247396 8 8 3 I
0.289687 8 8 2 I
0.316207 8 8 1 I
0.375233 8 8 0 I
0.462351 8 8 14 I
0.514318 8 8 13 I
0.626785 8 8 12 I
0.676006 8 8 11 I
0.000098 6 6 6 G
0.140375 6 6 5 G
0.170654 6 6 4 G
0.247395 6 6 3 G
0.279445 6 6 2 G
0.300652 6 6 1 G
0.375469 6 6 0 G
0.391548 6 6 14 G
0.514286 6 6 13 G
0.626804 6 6 12 G
0.652138 6 6 11 G
0.692249 6 6 10 G
0.739043 6 6 9 G
0.783596 6 6 8 G
0.795366 6 6 7 G
0.838778 6 6 6 G
0.867947 6 6 5 G
0.000099 9 9 9 J
0.098345 9 8 9 J
0.148774 9 7 9 J
0.183817 9 6 9 J
0.247109 9 5 9 J
0.290061 9 4 9 J
0.314490 9 3 9 J
0.391470 9 2 9 J
0.462346 9 1 9 J
0.514270 9 0 9 J
0.626797 9 14 9 J
0.656576 9 13 9 J
0.672088 9 12 9 J
0.702406 9 11 9 J
0.777718 9 10 9 J
0.804178 9 9 9 J
0.837650 9 8 9 J
0.861833 9 7 9 J
0.889660 9 6 9 J
0.914881 9 5 9 J
0.961414 9 4 9 J
0.998796 9 3 9 J
1.058551 9 2 9 J
1.083861 9 1 9 J
0.000100 11 11 11 L
0.098445 11 12 11 L
0.140590 11 13 11 L
0.165391 11 14 11 L
0.176338 11 0 11 L
0.247376 11 1 11 L
0.264926 11 2 11 L
0.279062 11 3 11 L
0.300754 11 4 11 L
0.375288 11 5 11 L
0.462331 11 6 11 L
0.514346 11 7 11 L
0.626865 11 8 11 L
0.653984 11 9 11 L
0.671859 11 10 11 L
0.728422 11 11 11 L
0.775530 11 12 11 L
0.815692 11 13 11 L
0.830061 11 14 11 L
0.856495 11 0 11 L
0.887733 11 1 11 L
0.927090 11 2 11 L
0.957626 11 3 11 L
0.998788 11 4 11 L
1.037954 11 5 11 L
1.090216 11 6 11 L
1.123753 11 7 11 L
1.271099 11 7 11 l
0.000098 5 5 5 F
0.098342 5 6 5 F
0.140371 5 7 5 F
0.186820 5 8 5 F
0.247117 5 9 5 F
0.289892 5 10 5 F
0.325702 5 11 5 F
0.375462 5 12 5 F
0.462634 5 13 5 F
0.514261 5 14 5 F
0.626749 5 0 5 F
0.640128 5 1 5 F
0.656565 5 2 5 F
0.674205 5 3 5 F
0.714070 5 4 5 F
0.752681 5 5 5 F
0.777704 5 6 5 F
0.815487 5 7 5 F
0.863803 5 8 5 F
0.912945 5 9 5 F
0.961457 5 10 5 F
0.993936 5 11 5 F
1.013801 5 12 5 F
1.050133 5 13 5 F
1.073193 5 14 5 F
1.109448 5 0 5 F
1.157412 5 1 5 F
1.184985 5 2 5 F
1.198306 5 3 5 F
1.238471 5 4 5 F
1.256667 5 5 5 F
1.384118 5 5 5 f
0.000100 12 12 12 M
0.015959 12 12 11 M
0.098430 12 12 10 M
0.148732 12 12 9 M
0.247391 12 12 8 M
0.260886 12 12 7 M
0.289649 12 12 6 M
0.325427 12 12 5 M
0.375296 12 12 4 M
0.462356 12 12 3 M
0.514277 12 12 2 M
0.626781 12 12 1 M
0.674197 12 12 0 M
0.688252 12 12 14 M
0.728412 12 12 13 M
0.740769 12 12 12 M
0.815695 12 12 11 M
0.835774 12 12 10 M
0.868195 12 12 9 M
0.891630 12 12 8 M
0.911253 12 12 7 M
0.946585 12 12 6 M
0.961407 12 12 5 M
0.990205 12 12 4 M
1.013796 12 12 3 M
1.037882 12 12 2 M
1.066396 12 12 1 M
1.098792 12 12 0 M
1.133446 12 12 14 M
1.157734 12 12 13 M
1.180975 12 12 12 M
1.198123 12 12 11 M
1.246854 12 12 10 M
1.289618 12 12 9 M
1.306866 12 12 8 M
1.317703 12 12 7 M
1.348592 12 12 6 M
1.384669 12 12 5 M
1.418695 12 12 4 M
1.441573 12 12 3 M
1.456652 12 12 2 M
1.486505 12 12 1 M
1.519512 12 12 0 M
1.569066 12 12 14 M
1.579853 12 12 13 M
1.630908 12 12 12 M
1.654055 12 12 11 M
1.704337 12 12 10 M
1.730341 12 12 9 M
1.786588 12 12 8 M
1.806344 12 12 7 M
1.825945 12 12 6 M
1.866058 12 12 5 M
1.958742 12 12 4 M
2.045801 12 12 3 M
0.000099 7 7 7 H
0.098350 7 6 7 H
0.146824 7 5 7 H
0.168825 7 4 7 H
0.184020 7 3 7 H
0.247384 7 2 7 H
0.289658 7 1 7 H
0.314490 7 0 7 H
0.375493 7 14 7 H
0.391544 7 13 7 H
0.462630 7 12 7 H
0.514238 7 11 7 H
0.626793 7 10 7 H
0.652131 7 9 7 H
0.690348 7 8 7 H
0.728524 7 7 7 H
0.749200 7 6 7 H
0.779639 7 5 7 H
0.793406 7 4 7 H
0.834055 7 3 7 H
0.880615 7 2 7 H
0.897501 7 1 7 H
0.924027 7 0 7 H
0.962527 7 14 7 H
0.975889 7 13 7 H
1.008746 7 12 7 H
1.051788 7 11 7 H
1.101838 7 10 7 H
1.120961 7 9 7 H
1.155548 7 8 7 H
1.177954 7 7 7 H
1.225530 7 6 7 H
1.271317 7 5 7 H
1.283658 7 4 7 H
1.323809 7 3 7 H
1.348589 7 2 7 H
1.366887 7 1 7 H
1.392716 7 0 7 H
1.405592 7 14 7 H
1.427815 7 13 7 H
1.455148 7 12 7 H
1.466790 7 11 7 H
1.507838 7 10 7 H
1.524343 7 9 7 H
1.562048 7 8 7 H
1.602939 7 7 7 H
1.654051 7 6 7 H
1.684400 7 5 7 H
1.704334 7 4 7 H
1.766750 7 3 7 H
1.806340 7 2 7 H
1.853618 7 1 7 H
1.884251 7 0 7 H
1.958749 7 14 7 H
2.045829 7 13 7 H
2.100808 7 12 7 H
2.146191 7 11 7 H
2.183986 7 10 7 H
2.234647 7 9 7 H
2.285468 7 8 7 H
2.344785 7 7 7 H
2.375563 7 6 7 H
2.426527 7 5 7 H
2.479206 7 4 7 H
2.516525 7 3 7 H
0.000101 13 13 13 N
0.098334 13 12 13 N
0.121397 13 11 13 N
0.247215 13 10 13 N
0.279267 13 9 13 N
0.316049 13 8 13 N
0.375488 13 7 13 N
0.462360 13 6 13 N
0.514282 13 5 13 N
0.626789 13 4 13 N
0.672078 13 3 13 N
0.688410 13 2 13 N
0.702445 13 1 13 N
0.737109 13 0 13 N
0.781614 13 14 13 N
0.815618 13 13 13 N
0.838812 13 12 13 N
0.856504 13 11 13 N
0.873844 13 10 13 N
0.897534 13 9 13 N
0.914845 13 8 13 N
0.956008 13 7 13 N
0.981760 13 6 13 N
1.021074 13 5 13 N
1.075498 13 4 13 N
1.090368 13 3 13 N
1.112627 13 2 13 N
1.140546 13 1 13 N
1.155507 13 0 13 N
1.186458 13 14 13 N
1.236479 13 13 13 N
1.273021 13 12 13 N
1.296728 13 11 13 N
1.323421 13 10 13 N
1.348583 13 9 13 N
1.382105 13 8 13 N
1.428170 13 7 13 N
1.472516 13 6 13 N
1.508050 13 5 13 N
1.535987 13 4 13 N
1.567116 13 3 13 N
1.631115 13 2 13 N
1.684453 13 1 13 N
1.766763 13 0 13 N
1.806328 13 14 13 N
1.853613 13 13 13 N
1.898834 13 12 13 N
1.958753 13 11 13 N
1.972273 13 10 13 N
2.045837 13 9 13 N
2.100850 13 8 13 N
2.131302 13 7 13 N
2.172347 13 6 13 N
2.197670 13 5 13 N
2.234930 13 4 13 N
2.285530 13 3 13 N
2.316599 13 2 13 N
2.373466 13 1 13 N
2.426539 13 0 13 N
2.479200 13 14 13 N
2.491314 13 13 13 N
2.516570 13 12 13 N
2.552498 13 11 13 N
0.000098 3 3 3 D
0.018943 3 2 3 D
0.098457 3 1 3 D
0.121385 3 0 3 D
0.140561 3 14 3 D
0.183821 3 13 3 D
0.247219 3 12 3 D
0.279472 3 11 3 D
0.325435 3 10 3 D
0.375221 3 9 3 D
0.462339 3 8 3 D
0.514266 3 7 3 D
0.626770 3 6 3 D
0.642101 3 5 3 D
0.682496 3 4 3 D
0.702450 3 3 3 D
0.734247 3 2 3 D
0.777749 3 1 3 D
0.815640 3 0 3 D
0.856508 3 14 3 D
0.901472 3 13 3 D
0.942655 3 12 3 D
0.970178 3 11 3 D
0.995635 3 10 3 D
1.015911 3 9 3 D
1.044992 3 8 3 D
1.062747 3 7 3 D
1.103897 3 6 3 D
1.128697 3 5 3 D
1.179123 3 4 3 D
1.198312 3 3 3 D
1.242931 3 2 3 D
1.271360 3 1 3 D
1.283665 3 0 3 D
1.325484 3 14 3 D
1.344888 3 13 3 D
1.392721 3 12 3 D
1.405362 3 11 3 D
1.435689 3 10 3 D
1.470512 3 9 3 D
1.508056 3 8 3 D
1.552837 3 7 3 D
1.569005 3 6 3 D
1.602875 3 5 3 D
1.631107 3 4 3 D
1.684472 3 3 3 D
1.704450 3 2 3 D
1.730428 3 1 3 D
1.745476 3 0 3 D
1.786583 3 14 3 D
1.825934 3 13 3 D
1.866069 3 12 3 D
1.958746 3 11 3 D
2.045797 3 10 3 D
2.100946 3 9 3 D
2.131267 3 8 3 D
2.158954 3 7 3 D
2.183941 3 6 3 D
2.210602 3 5 3 D
2.262259 3 4 3 D
2.285152 3 3 3 D
2.344790 3 2 3 D
2.386056 3 1 3 D
2.426576 3 0 3 D
2.446297 3 14 3 D
2.489295 3 13 3 D
2.643133 3 13 3 d
0.000100 10 10 10 K
0.098308 10 10 11 K
0.146799 10 10 12 K
0.165397 10 10 13 K
0.247211 10 10 14 K
0.279726 10 10 0 K
0.300657 10 10 1 K
0.325695 10 10 2 K
0.375484 10 10 3 K
0.462626 10 10 4 K
0.514258 10 10 5 K
0.626766 10 10 6 K
0.662616 10 10 7 K
0.686397 10 10 8 K
0.728500 10 10 9 K
0.777715 10 10 10 K
0.800199 10 10 11 K
0.819529 10 10 12 K
0.858109 10 10 13 K
0.871824 10 10 14 K
0.915991 10 10 0 K
0.961452 10 10 1 K
1.006811 10 10 2 K
1.054886 10 10 3 K
1.077412 10 10 4 K
1.126785 10 10 5 K
1.149495 10 10 6 K
1.175973 10 10 7 K
1.209269 10 10 8 K
1.259710 10 10 9 K
1.296721 10 10 10 K
1.310971 10 10 11 K
1.344701 10 10 12 K
1.382112 10 10 13 K
1.392708 10 10 14 K
1.418648 10 10 0 K
1.435682 10 10 1 K
1.470517 10 10 2 K
1.519547 10 10 3 K
1.535991 10 10 4 K
1.602883 10 10 5 K
1.631096 10 10 6 K
1.684447 10 10 7 K
1.704329 10 10 8 K
1.730358 10 10 9 K
1.786626 10 10 10 K
1.806419 10 10 11 K
1.853601 10 10 12 K
1.898880 10 10 13 K
1.958736 10 10 14 K
2.045841 10 10 0 K
2.100855 10 10 1 K
2.146158 10 10 2 K
2.193702 10 10 3 K
2.210494 10 10 4 K
2.234655 10 10 5 K
2.262450 10 10 6 K
2.285139 10 10 7 K
2.319457 10 10 8 K
2.346949 10 10 9 K
2.375430 10 10 10 K
2.401268 10 10 11 K
2.446290 10 10 12 K
2.461886 10 10 13 K
2.482749 10 10 14 K
2.526779 10 10 0 K
2.568645 10 10 1 K
2.604220 10 10 2 K
2.625360 10 10 3 K
2.659990 10 10 4 K
0.000097 1 1 1 B
0.017543 1 2 1 B
0.098243 1 3 1 B
0.140365 1 4 1 B
0.170953 1 5 1 B
0.247204 1 6 1 B
0.272120 1 7 1 B
0.289896 1 8 1 B
0.314441 1 9 1 B
0.375480 1 10 1 B
0.462622 1 11 1 B
0.514199 1 12 1 B
0.626758 1 13 1 B
0.672084 1 14 1 B
0.716440 1 0 1 B
0.739037 1 1 1 B
0.785521 1 2 1 B
0.815689 1 3 1 B
0.828668 1 4 1 B
0.856536 1 5 1 B
0.873788 1 6 1 B
0.914833 1 7 1 B
0.932436 1 8 1 B
0.959541 1 9 1 B
1.008854 1 10 1 B
1.050170 1 11 1 B
1.098796 1 12 1 B
1.115795 1 13 1 B
1.180969 1 14 1 B
1.225525 1 0 1 B
1.271352 1 1 1 B
1.287646 1 2 1 B
1.335230 1 3 1 B
1.363181 1 4 1 B
1.384094 1 5 1 B
1.427994 1 6 1 B
1.448048 1 7 1 B
1.472479 1 8 1 B
1.519506 1 9 1 B
1.537805 1 10 1 B
1.552942 1 11 1 B
1.602889 1 12 1 B
1.631119 1 13 1 B
1.656686 1 14 1 B
1.704285 1 0 1 B
1.745515 1 1 1 B
1.806394 1 2 1 B
1.853699 1 3 1 B
1.884239 1 4 1 B
1.958742 1 5 1 B
2.045814 1 6 1 B
2.100812 1 7 1 B
2.115308 1 8 1 B
2.131306 1 9 1 B
2.146231 1 10 1 B
2.172310 1 11 1 B
2.234937 1 12 1 B
2.262473 1 13 1 B
2.316605 1 14 1 B
2.373478 1 0 1 B
2.386049 1 1 1 B
2.426728 1 2 1 B
2.446290 1 3 1 B
2.461729 1 4 1 B
2.489476 1 5 1 B
2.526634 1 6 1 B
2.566704 1 7 1 B
2.590533 1 8 1 B
2.619437 1 9 1 B
2.666385 1 10 1 B
2.702054 1 11 1 B
2.751732 1 12 1 B
2.791282 1 13 1 B
2.858399 1 14 1 B
2.885430 1 0 1 B
2.942508 1 1 1 B
2.981249 1 2 1 B
3.097568 1 3 1 B
3.156686 1 4 1 B
3.208383 1 5 1 B
3.247998 1 6 1 B
0.000097 2 2 2 C
0.098465 2 2 3 C
0.142363 2 2 4 C
0.161499 2 2 5 C
0.247390 2 2 6 C
0.289661 2 2 7 C
0.316213 2 2 8 C
0.375229 2 2 9 C
0.391374 2 2 10 C
0.462342 2 2 11 C
0.514274 2 2 12 C
0.626777 2 2 13 C
0.678145 2 2 14 C
0.690247 2 2 0 C
0.703833 2 2 1 C
0.734444 2 2 2 C
0.777753 2 2 3 C
0.821579 2 2 4 C
0.865780 2 2 5 C
0.912856 2 2 6 C
0.946553 2 2 7 C
0.993979 2 2 8 C
1.021066 2 2 9 C
1.058544 2 2 10 C
1.096835 2 2 11 C
1.135558 2 2 12 C
1.147742 2 2 13 C
1.171138 2 2 14 C
1.204224 2 2 0 C
1.220929 2 2 1 C
1.259822 2 2 2 C
1.276332 2 2 3 C
1.301736 2 2 4 C
1.323693 2 2 5 C
1.335223 2 2 6 C
1.373455 2 2 7 C
1.405365 2 2 8 C
1.445736 2 2 9 C
1.482502 2 2 10 C
1.535983 2 2 11 C
1.580005 2 2 12 C
1.612196 2 2 13 C
1.631112 2 2 14 C
1.654116 2 2 0 C
1.684443 2 2 1 C
1.704341 2 2 2 C
1.730431 2 2 3 C
1.745484 2 2 4 C
1.806336 2 2 5 C
1.825941 2 2 6 C
1.853621 2 2 7 C
1.898825 2 2 8 C
1.958737 2 2 9 C
2.045820 2 2 10 C
2.100817 2 2 11 C
2.115300 2 2 12 C
2.172397 2 2 13 C
2.205482 2 2 14 C
2.242267 2 2 0 C
2.285472 2 2 1 C
2.344797 2 2 2 C
2.386060 2 2 3 C
2.428451 2 2 4 C
2.461925 2 2 5 C
2.502550 2 2 6 C
2.516563 2 2 7 C
2.563822 2 2 8 C
2.615458 2 2 9 C
2.662693 2 2 10 C
2.695807 2 2 11 C
2.732848 2 2 12 C
2.782504 2 2 13 C
2.858402 2 2 14 C
2.942534 2 2 0 C
3.097660 2 2 1 C
3.156682 2 2 2 C
3.208373 2 2 3 C
3.248526 2 2 4 C
0.000101 14 14 14 O
0.018964 14 14 13 O
0.098470 14 14 12 O
0.121392 14 14 11 O
0.165352 14 14 10 O
0.247144 14 14 9 O
0.289886 14 14 8 O
0.316268 14 14 7 O
0.375490 14 14 6 O
0.462722 14 14 5 O
0.514231 14 14 4 O
0.626762 14 14 3 O
0.656572 14 14 2 O
0.716447 14 14 1 O
0.728496 14 14 0 O
0.753907 14 14 14 O
0.815622 14 14 13 O
0.842548 14 14 12 O
0.878697 14 14 11 O
0.891717 14 14 10 O
0.938738 14 14 9 O
0.961448 14 14 8 O
0.975893 14 14 7 O
0.990193 14 14 6 O
1.039569 14 14 5 O
1.060879 14 14 4 O
1.084474 14 14 3 O
1.123746 14 14 2 O
1.147754 14 14 1 O
1.180962 14 14 0 O
1.229971 14 14 14 O
1.256677 14 14 13 O
1.285730 14 14 12 O
1.301600 14 14 11 O
1.338878 14 14 10 O
1.373156 14 14 9 O
1.397237 14 14 8 O
1.427821 14 14 7 O
1.448244 14 14 6 O
1.466967 14 14 5 O
1.496568 14 14 4 O
1.535975 14 14 3 O
1.552829 14 14 2 O
1.574126 14 14 1 O
1.631123 14 14 0 O
1.654112 14 14 14 O
1.684438 14 14 13 O
1.730337 14 14 12 O
1.766767 14 14 11 O
1.786575 14 14 10 O
1.806347 14 14 9 O
1.853734 14 14 8 O
1.898708 14 14 7 O
1.958746 14 14 6 O
2.045824 14 14 5 O
2.100800 14 14 4 O
2.131325 14 14 3 O
2.183990 14 14 2 O
2.234659 14 14 1 O
2.285461 14 14 0 O
2.316438 14 14 14 O
2.344777 14 14 13 O
2.386064 14 14 12 O
2.401262 14 14 11 O
2.426608 14 14 10 O
2.467621 14 14 9 O
2.502380 14 14 8 O
2.537328 14 14 7 O
2.552465 14 14 6 O
2.574753 14 14 5 O
2.604346 14 14 4 O
2.659657 14 14 3 O
2.705727 14 14 2 O
2.730749 14 14 1 O
2.774449 14 14 0 O
2.858561 14 14 14 O
2.877557 14 14 13 O
2.942512 14 14 12 O
2.981256 14 14 11 O
3.097575 14 14 10 O
3.135132 14 14 9 O
3.156674 14 14 8 O
3.208379 14 14 7 O
3.251036 14 14 6 O
3.291542 14 14 5 O
0.000098 4 4 4 E
0.098251 4 4 3 E
0.121450 4 4 2 E
0.170960 4 4 1 E
0.247147 4 4 0 E
0.262908 4 4 14 E
0.300644 4 4 13 E
0.375476 4 4 12 E
0.462639 4 4 11 E
0.514206 4 4 10 E
0.626773 4 4 9 E
0.642108 4 4 8 E
0.692164 4 4 7 E
0.728452 4 4 6 E
0.775483 4 4 5 E
0.823499 4 4 4 E
0.869935 4 4 3 E
0.897539 4 4 2 E
0.927083 4 4 1 E
0.968095 4 4 0 E
1.013760 4 4 14 E
1.032078 4 4 13 E
1.075492 4 4 12 E
1.094864 4 4 11 E
1.117759 4 4 10 E
1.147750 4 4 9 E
1.176033 4 4 8 E
1.213847 4 4 7 E
1.242891 4 4 6 E
1.283910 4 4 5 E
1.319543 4 4 4 E
1.352626 4 4 3 E
1.370995 4 4 2 E
1.418655 4 4 1 E
1.466903 4 4 0 E
1.519551 4 4 14 E
1.567122 4 4 13 E
1.631102 4 4 12 E
1.658800 4 4 11 E
1.704374 4 4 10 E
1.730330 4 4 9 E
1.786592 4 4 8 E
1.853609 4 4 7 E
1.884246 4 4 6 E
1.958731 4 4 5 E
2.045833 4 4 4 E
2.100821 4 4 3 E
2.146196 4 4 2 E
2.187342 4 4 1 E
2.199583 4 4 0 E
2.262443 4 4 14 E
2.316431 4 4 13 E
2.344801 4 4 12 E
2.373473 4 4 11 E
2.401107 4 4 10 E
2.426520 4 4 9 E
2.461723 4 4 8 E
2.516575 4 4 7 E
2.535448 4 4 6 E
2.577525 4 4 5 E
2.615708 4 4 4 E
2.627313 4 4 3 E
2.643129 4 4 2 E
2.679497 4 4 1 E
2.723068 4 4 0 E
2.740996 4 4 14 E
2.760652 4 4 13 E
2.791290 4 4 12 E
2.858391 4 4 11 E
2.942538 4 4 10 E
3.097666 4 4 9 E
3.156691 4 4 8 E
3.208340 4 4 7 E
3.257807 4 4 6 E
3.273396 4 4 5 E
3.307990 4 4 4 E
3.324588 4 4 3 E
3.373819 4 4 2 E
0.000096 0 0 0 A
0.098353 0 0 1 A
0.140357 0 0 2 A
0.172885 0 0 3 A
0.247152 0 0 4 A
0.260895 0 0 5 A
0.314494 0 0 6 A
0.375496 0 0 7 A
0.391538 0 0 8 A
0.462616 0 0 9 A
0.514234 0 0 10 A
0.626800 0 0 11 A
0.659966 0 0 12 A
0.690240 0 0 13 A
0.737105 0 0 14 A
0.775475 0 0 0 A
0.821479 0 0 1 A
0.834063 0 0 2 A
0.860128 0 0 3 A
0.878660 0 0 4 A
0.889626 0 0 5 A
0.911135 0 0 6 A
0.962533 0 0 7 A
0.990201 0 0 8 A
1.039562 0 0 9 A
1.064419 0 0 10 A
1.110904 0 0 11 A
1.140478 0 0 12 A
1.188333 0 0 13 A
1.215031 0 0 14 A
1.238572 0 0 0 A
1.271356 0 0 1 A
1.306873 0 0 2 A
1.338883 0 0 3 A
1.371098 0 0 4 A
1.405355 0 0 5 A
1.432047 0 0 6 A
1.474358 0 0 7 A
1.507845 0 0 8 A
1.562056 0 0 9 A
1.579861 0 0 10 A
1.630915 0 0 11 A
1.654043 0 0 12 A
1.704320 0 0 13 A
1.766759 0 0 14 A
1.826032 0 0 0 A
1.866065 0 0 1 A
1.958751 0 0 2 A
1.972217 0 0 3 A
2.045789 0 0 4 A
2.100942 0 0 5 A
2.131275 0 0 6 A
2.155722 0 0 7 A
2.187334 0 0 8 A
2.235011 0 0 9 A
2.262266 0 0 10 A
2.285147 0 0 11 A
2.344794 0 0 12 A
2.401100 0 0 13 A
2.426537 0 0 14 A
2.457277 0 0 0 A
2.478907 0 0 1 A
2.489288 0 0 2 A
2.526587 0 0 3 A
2.552472 0 0 4 A
2.590526 0 0 5 A
2.615559 0 0 6 A
2.643192 0 0 7 A
2.670483 0 0 8 A
2.695814 0 0 9 A
2.719456 0 0 10 A
2.754696 0 0 11 A
2.791542 0 0 12 A
2.858567 0 0 13 A
2.885187 0 0 14 A
2.942454 0 0 0 A
2.983386 0 0 1 A
3.097702 0 0 2 A
3.156745 0 0 3 A
3.209442 0 0 4 A
3.259671 0 0 5 A
3.273517 0 0 6 A
3.307821 0 0 7 A
3.328572 0 0 8 A
3.378825 0 0 9 A
3.405480 0 0 10 A
3.448028 0 0 11 A
3.472967 0 0 12 A
3.524794 0 0 13 A
3.567602 0 0 14 A
3.624358 0 0 0 A
3.646484 0 0 1 A
3.662719 0 0 2 A
3.707775 0 0 3 A
