-1 15 15 15
0.000160 11 8 13 L
0.054610 11 8 14 L
0.087502 11 9 14 L
0.099482 11 9 13 L
0.135293 11 8 13 L
0.152202 11 8 12 L
0.189741 11 9 12 L
0.220531 11 9 11 L
0.272911 11 10 11 L
0.299461 11 10 10 L
0.344563 11 9 10 L
0.380748 11 10 10 L
0.000160 12 12 7 M
0.033246 12 12 6 M
0.068832 12 11 6 M
0.119376 12 11 7 M
0.160584 12 11 8 M
0.203660 12 12 8 M
0.244831 12 12 9 M
0.280508 12 13 9 M
0.315723 12 13 8 M
0.335888 12 12 8 M
0.380744 12 13 8 M
0.420956 12 12 8 M
0.454048 12 12 9 M
0.000156 1 2 14 B
0.022740 1 3 14 B
0.054521 1 3 0 B
0.089729 1 4 0 B
0.105302 1 4 14 B
0.151921 1 3 14 B
0.199629 1 3 13 B
0.245095 1 3 14 B
0.272941 1 3 13 B
0.304835 1 2 13 B
0.328979 1 1 13 B
0.344268 1 1 12 B
0.380580 1 1 13 B
0.397124 1 0 13 B
0.418791 1 0 14 B
0.433856 1 0 13 B
0.454279 1 0 12 B
0.502043 1 0 13 B
0.536714 1 1 13 B
0.557452 1 2 13 B
0.584545 1 2 14 B
0.597500 1 1 14 B
0.615836 1 1 13 B
0.634540 1 0 13 B
0.677766 1 14 13 B
0.719498 1 14 14 B
0.742559 1 13 14 B
0.782216 1 13 13 B
0.794454 1 14 13 B
0.844579 1 13 13 B
0.878940 1 13 12 B
0.903188 1 13 13 B
0.941467 1 13 14 B
0.960833 1 13 13 B
0.976310 1 13 12 B
0.000160 10 5 6 K
0.020742 10 6 6 K
0.054578 10 7 6 K
0.103351 10 7 5 K
0.151925 10 7 4 K
0.165504 10 8 4 K
0.179946 10 7 4 K
0.197822 10 7 5 K
0.228917 10 8 5 K
0.272741 10 8 4 K
0.315727 10 8 5 K
0.356590 10 7 5 K
0.395141 10 6 5 K
0.408509 10 6 4 K
0.454276 10 5 4 K
0.492589 10 5 5 K
0.526459 10 6 5 K
0.553581 10 5 5 K
0.566860 10 5 6 K
0.584297 10 5 5 K
0.599861 10 6 5 K
0.648420 10 6 6 K
0.662415 10 6 7 K
0.690463 10 6 6 K
0.712871 10 6 7 K
0.771694 10 7 7 K
0.792437 10 8 7 K
0.824471 10 8 6 K
0.858817 10 9 6 K
0.878700 10 9 5 K
0.914774 10 9 6 K
0.951391 10 8 6 K
1.000668 10 7 6 K
1.028108 10 8 6 K
1.041937 10 7 6 K
1.055521 10 7 5 K
1.099473 10 6 5 K
0.000161 13 7 13 N
0.054605 13 6 13 N
0.094749 13 6 14 N
0.122979 13 5 14 N
0.151932 13 6 14 N
0.170610 13 6 13 N
0.220532 13 6 14 N
0.272909 13 6 13 N
0.315629 13 5 13 N
0.366466 13 5 12 N
0.392411 13 5 11 N
0.429809 13 6 11 N
0.463669 13 7 11 N
0.492582 13 7 12 N
0.517754 13 7 13 N
0.541684 13 7 12 N
0.555787 13 8 12 N
0.597495 13 8 13 N
0.634543 13 8 14 N
0.677596 13 8 13 N
0.705385 13 7 13 N
0.756126 13 7 14 N
0.786880 13 7 13 N
0.812704 13 7 12 N
0.840767 13 7 11 N
0.878706 13 6 11 N
0.922665 13 5 11 N
0.941562 13 5 10 N
0.958792 13 5 9 N
1.009714 13 5 10 N
1.033428 13 5 9 N
1.057241 13 5 8 N
1.075581 13 5 9 N
1.092678 13 6 9 N
1.127794 13 6 8 N
1.151469 13 7 8 N
1.183161 13 7 9 N
0.000157 2 1 3 C
0.018947 2 1 2 C
0.067747 2 0 2 C
0.099484 2 0 3 C
0.125205 2 1 3 C
0.151923 2 2 3 C
0.184134 2 2 2 C
0.244833 2 3 2 C
0.272913 2 2 2 C
0.319544 2 2 1 C
0.366471 2 2 0 C
0.416807 2 2 14 C
0.466733 2 3 14 C
0.503742 2 4 14 C
0.540583 2 4 0 C
0.573638 2 4 1 C
0.612123 2 5 1 C
0.632624 2 4 1 C
0.655572 2 4 2 C
0.677430 2 4 3 C
0.697763 2 5 3 C
0.731775 2 5 4 C
0.782016 2 4 4 C
0.812658 2 4 5 C
0.824395 2 4 4 C
0.840627 2 4 5 C
0.864646 2 5 5 C
0.905860 2 5 4 C
0.951386 2 6 4 C
0.998912 2 6 5 C
1.028295 2 7 5 C
1.055431 2 8 5 C
1.095928 2 7 5 C
1.115148 2 7 6 C
1.153120 2 6 6 C
1.207897 2 6 7 C
1.256435 2 6 8 C
1.285481 2 6 9 C
1.310144 2 6 10 C
1.338023 2 5 10 C
1.389937 2 5 9 C
1.416624 2 5 8 C
1.449694 2 4 8 C
1.480252 2 4 7 C
1.532173 2 4 8 C
1.558188 2 4 9 C
0.000161 14 0 0 O
0.031385 14 1 0 O
0.054520 14 1 1 O
0.081478 14 2 1 O
0.095873 14 1 1 O
0.125210 14 0 1 O
0.174487 14 0 2 O
0.203449 14 0 3 O
0.272745 14 1 3 O
0.306219 14 1 4 O
0.319733 14 2 4 O
0.346569 14 3 4 O
0.380747 14 3 3 O
0.405013 14 3 4 O
0.429797 14 4 4 O
0.454343 14 4 5 O
0.478494 14 4 6 O
0.494020 14 3 6 O
0.517750 14 3 5 O
0.557400 14 4 5 O
0.604488 14 4 4 O
0.650417 14 3 4 O
0.700286 14 3 5 O
0.731918 14 3 4 O
0.760107 14 4 4 O
0.771691 14 5 4 O
0.824470 14 5 3 O
0.865538 14 6 3 O
0.892575 14 7 3 O
0.925751 14 7 2 O
0.976017 14 6 2 O
1.001005 14 6 1 O
1.026474 14 7 1 O
1.039405 14 6 1 O
1.085421 14 7 1 O
1.120115 14 7 0 O
1.141544 14 6 0 O
1.208111 14 6 14 O
1.256192 14 5 14 O
1.285439 14 5 0 O
1.307317 14 6 0 O
1.361043 14 7 0 O
1.389936 14 6 0 O
1.416626 14 5 0 O
1.439541 14 5 1 O
1.461730 14 5 2 O
1.513671 14 4 2 O
1.532167 14 5 2 O
1.558184 14 5 3 O
1.585523 14 5 4 O
1.637183 14 5 3 O
1.667201 14 6 3 O
1.696409 14 7 3 O
0.000157 3 10 5 D
0.018845 3 11 5 D
0.067757 3 10 5 D
0.108225 3 10 4 D
0.158708 3 10 5 D
0.177850 3 10 4 D
0.199634 3 10 3 D
0.247066 3 10 2 D
0.280510 3 11 2 D
0.315738 3 12 2 D
0.355251 3 12 1 D
0.405264 3 11 1 D
0.430939 3 11 2 D
0.478443 3 11 3 D
0.495145 3 10 3 D
0.534925 3 10 4 D
0.575531 3 9 4 D
0.616115 3 10 4 D
0.629917 3 9 4 D
0.662419 3 9 3 D
0.685550 3 9 2 D
0.712866 3 9 3 D
0.742557 3 9 2 D
0.792434 3 10 2 D
0.824469 3 11 2 D
0.878705 3 11 3 D
0.907949 3 11 2 D
0.928587 3 11 1 D
0.963514 3 11 2 D
1.009782 3 11 3 D
1.041940 3 11 4 D
1.085459 3 11 3 D
1.121794 3 12 3 D
1.141585 3 13 3 D
1.207901 3 13 4 D
1.235483 3 14 4 D
1.261000 3 14 3 D
1.302463 3 14 4 D
1.350191 3 13 4 D
1.392907 3 13 3 D
1.416619 3 13 4 D
1.446669 3 12 4 D
1.471404 3 12 3 D
1.503530 3 13 3 D
1.524543 3 13 4 D
1.558338 3 12 4 D
1.585784 3 12 5 D
1.612275 3 12 6 D
1.662841 3 11 6 D
1.700254 3 11 5 D
1.717483 3 12 5 D
0.000158 7 13 14 H
0.018947 7 13 0 H
0.056608 7 14 0 H
0.087206 7 14 14 H
0.105313 7 14 13 H
0.118197 7 14 12 H
0.151933 7 13 12 H
0.187869 7 13 11 H
0.201543 7 13 10 H
0.244823 7 12 10 H
0.299012 7 11 10 H
0.317612 7 11 9 H
0.355248 7 11 10 H
0.370563 7 12 10 H
0.405267 7 12 11 H
0.433851 7 13 11 H
0.483266 7 12 11 H
0.509768 7 12 10 H
0.546863 7 12 9 H
0.570910 7 12 10 H
0.584301 7 11 10 H
0.632628 7 10 10 H
0.644608 7 11 10 H
0.677434 7 11 11 H
0.702262 7 11 10 H
0.719485 7 11 9 H
0.771727 7 10 9 H
0.786842 7 9 9 H
0.840626 7 9 8 H
0.860624 7 10 8 H
0.903333 7 10 7 H
0.941564 7 10 6 H
0.989715 7 11 6 H
1.026501 7 11 5 H
1.067456 7 10 5 H
1.099804 7 11 5 H
1.151469 7 11 4 H
1.208108 7 11 3 H
1.233265 7 11 4 H
1.256431 7 12 4 H
1.285479 7 13 4 H
1.307500 7 14 4 H
1.350187 7 13 4 H
1.392910 7 14 4 H
1.418704 7 0 4 H
1.471387 7 14 4 H
1.520937 7 14 3 H
1.548354 7 14 2 H
1.585524 7 0 2 H
1.637185 7 14 2 H
1.688641 7 14 3 H
1.748818 7 0 3 H
1.787299 7 14 3 H
1.811693 7 13 3 H
1.822048 7 12 3 H
1.871530 7 12 4 H
1.890444 7 13 4 H
1.931578 7 13 5 H
1.947537 7 12 5 H
1.980538 7 11 5 H
2.001008 7 11 6 H
2.033662 7 10 6 H
2.060970 7 10 5 H
2.081923 7 11 5 H
2.100512 7 11 6 H
2.130793 7 10 6 H
2.165885 7 9 6 H
2.221301 7 10 6 H
0.000157 4 1 0 E
0.018951 4 1 14 E
0.054519 4 1 0 E
0.103469 4 1 14 E
0.152205 4 0 14 E
0.185920 4 1 14 E
0.226926 4 1 0 E
0.272904 4 1 1 E
0.315600 4 0 1 E
0.344272 4 0 2 E
0.366469 4 0 3 E
0.395515 4 1 3 E
0.434088 4 2 3 E
0.483445 4 1 3 E
0.526409 4 1 2 E
0.553659 4 0 2 E
0.579488 4 0 1 E
0.627147 4 14 1 E
0.668276 4 13 1 E
0.712886 4 13 2 E
0.759965 4 14 2 E
0.800425 4 14 3 E
0.812706 4 0 3 E
0.842689 4 1 3 E
0.878952 4 2 3 E
0.924622 4 2 4 E
0.941465 4 1 4 E
0.987775 4 1 3 E
1.003762 4 0 3 E
1.026437 4 0 2 E
1.041939 4 0 1 E
1.077670 4 0 0 E
1.089354 4 1 0 E
1.122945 4 1 1 E
1.167763 4 2 1 E
1.215895 4 2 2 E
1.257994 4 1 2 E
1.302202 4 0 2 E
1.337744 4 1 2 E
1.389668 4 1 3 E
1.432110 4 2 3 E
1.446689 4 2 2 E
1.463614 4 2 1 E
1.494577 4 1 1 E
1.548314 4 1 2 E
1.561573 4 2 2 E
1.585519 4 1 2 E
1.614054 4 0 2 E
1.657026 4 0 1 E
1.673020 4 1 1 E
1.688621 4 0 1 E
1.748698 4 0 2 E
1.787468 4 0 1 E
1.821721 4 0 2 E
1.853838 4 0 1 E
1.878875 4 0 2 E
1.896486 4 0 3 E
1.918725 4 0 2 E
1.962512 4 14 2 E
1.982744 4 0 2 E
2.033604 4 1 2 E
2.052186 4 1 3 E
2.067541 4 2 3 E
2.120223 4 2 4 E
2.159157 4 1 4 E
2.221194 4 2 4 E
2.246702 4 2 3 E
2.300741 4 3 3 E
2.326743 4 4 3 E
2.368174 4 4 2 E
2.421025 4 5 2 E
2.466463 4 4 2 E
2.515091 4 5 2 E
0.000159 8 6 5 I
0.028566 8 5 5 I
0.054608 8 5 6 I
0.067724 8 6 6 I
0.101420 8 6 5 I
0.116029 8 6 4 I
0.153804 8 7 4 I
0.197880 8 8 4 I
0.244827 8 8 3 I
0.299008 8 9 3 I
0.315595 8 10 3 I
0.355457 8 11 3 I
0.382504 8 11 2 I
0.429632 8 10 2 I
0.454316 8 9 2 I
0.492588 8 9 1 I
0.526453 8 10 1 I
0.536805 8 10 2 I
0.557404 8 9 2 I
0.581653 8 8 2 I
0.599857 8 8 3 I
0.644611 8 8 4 I
0.692587 8 7 4 I
0.719495 8 7 5 I
0.756122 8 8 5 I
0.782213 8 8 4 I
0.824464 8 8 5 I
0.865542 8 7 5 I
0.914863 8 7 6 I
0.960882 8 7 7 I
0.998915 8 8 7 I
1.035107 8 8 8 I
1.055524 8 8 7 I
1.067408 8 7 7 I
1.108313 8 7 6 I
1.155080 8 6 6 I
1.208113 8 5 6 I
1.235329 8 6 6 I
1.285444 8 6 7 I
1.310111 8 5 7 I
1.337738 8 4 7 I
1.389666 8 5 7 I
1.439536 8 4 7 I
1.491008 8 4 8 I
1.532174 8 4 9 I
1.585526 8 4 8 I
1.637186 8 3 8 I
1.662862 8 2 8 I
1.703243 8 1 8 I
1.748696 8 2 8 I
1.784144 8 3 8 I
1.800687 8 3 7 I
1.839234 8 4 7 I
1.864829 8 3 7 I
1.915199 8 3 8 I
1.931623 8 2 8 I
1.980781 8 2 9 I
2.033586 8 2 8 I
2.078841 8 2 9 I
2.130797 8 1 9 I
2.194348 8 0 9 I
2.221311 8 14 9 I
2.258322 8 0 9 I
2.270062 8 1 9 I
2.310532 8 0 9 I
2.329538 8 1 9 I
2.368172 8 1 8 I
2.401172 8 1 7 I
2.421005 8 0 7 I
2.437472 8 0 8 I
2.488718 8 0 7 I
2.502007 8 0 6 I
2.518209 8 0 7 I
0.000158 5 14 1 F
0.054607 5 14 0 F
0.096953 5 14 1 F
0.120945 5 14 2 F
0.137451 5 0 2 F
0.163660 5 0 1 F
0.197818 5 0 0 F
0.220331 5 1 0 F
0.232084 5 0 0 F
0.272910 5 1 0 F
0.317613 5 0 0 F
0.366182 5 1 0 F
0.406906 5 0 0 F
0.442074 5 0 1 F
0.489154 5 1 1 F
0.505665 5 0 1 F
0.538701 5 0 2 F
0.581770 5 1 2 F
0.615832 5 1 3 F
0.646255 5 1 4 F
0.692706 5 0 4 F
0.729824 5 1 4 F
0.750034 5 1 5 F
0.771728 5 2 5 F
0.792186 5 2 4 F
0.840622 5 3 4 F
0.854758 5 3 5 F
0.903330 5 4 5 F
0.953324 5 4 6 F
0.998806 5 4 7 F
1.028443 5 4 6 F
1.075654 5 4 5 F
1.092468 5 5 5 F
1.120136 5 5 4 F
1.158678 5 5 5 F
1.183155 5 5 4 F
1.233270 5 6 4 F
1.256434 5 6 5 F
1.285478 5 5 5 F
1.338026 5 5 4 F
1.389932 5 5 5 F
1.416683 5 6 5 F
1.449733 5 7 5 F
1.491004 5 7 6 F
1.513675 5 7 5 F
1.532172 5 8 5 F
1.550314 5 8 4 F
1.585783 5 8 5 F
1.602311 5 8 6 F
1.637180 5 8 5 F
1.688626 5 7 5 F
1.717887 5 7 4 F
1.748627 5 7 3 F
1.766201 5 8 3 F
1.803552 5 7 3 F
1.852197 5 7 2 F
1.866438 5 6 2 F
1.878670 5 7 2 F
1.914969 5 7 1 F
1.960636 5 6 1 F
1.982620 5 7 1 F
2.007392 5 8 1 F
2.033590 5 8 0 F
2.050084 5 7 0 F
2.078847 5 7 1 F
2.104214 5 8 1 F
2.152526 5 9 1 F
2.194364 5 9 2 F
2.221190 5 9 1 F
2.262282 5 9 2 F
2.290182 5 9 3 F
2.326854 5 10 3 F
2.368078 5 10 2 F
2.401150 5 10 1 F
2.440147 5 10 0 F
2.488739 5 11 0 F
2.521005 5 10 0 F
2.543197 5 9 0 F
2.563956 5 9 14 F
2.598250 5 9 0 F
0.000159 9 2 11 J
0.054606 9 2 10 J
0.098104 9 3 10 J
0.137402 9 2 10 J
0.186073 9 2 9 J
0.203657 9 2 8 J
0.223940 9 2 9 J
0.272749 9 2 10 J
0.299413 9 2 11 J
0.326651 9 1 11 J
0.355253 9 0 11 J
0.380965 9 14 11 J
0.405307 9 14 12 J
0.441903 9 13 12 J
0.492579 9 14 12 J
0.517865 9 0 12 J
0.567060 9 0 11 J
0.584586 9 14 11 J
0.632797 9 14 10 J
0.660262 9 0 10 J
0.705382 9 0 11 J
0.742560 9 0 12 J
0.761844 9 0 11 J
0.800429 9 0 12 J
0.840771 9 0 11 J
0.852618 9 0 10 J
0.892457 9 1 10 J
0.919005 9 1 9 J
0.941462 9 2 9 J
0.989559 9 1 9 J
1.022009 9 1 10 J
1.055427 9 1 11 J
1.095967 9 1 12 J
1.141583 9 1 13 J
1.183249 9 2 13 J
1.219985 9 1 13 J
1.285443 9 2 13 J
1.337746 9 2 12 J
1.361041 9 2 13 J
1.416623 9 1 13 J
1.432112 9 2 13 J
1.461560 9 3 13 J
1.503626 9 3 14 J
1.548318 9 4 14 J
1.585780 9 4 13 J
1.637202 9 4 14 J
1.656975 9 4 0 J
1.707174 9 4 1 J
1.723521 9 4 2 J
1.748813 9 5 2 J
1.776949 9 5 1 J
1.805513 9 5 0 J
1.828820 9 5 1 J
1.853834 9 4 1 J
1.871559 9 3 1 J
1.893324 9 4 1 J
1.931621 9 4 2 J
1.958628 9 5 2 J
1.982472 9 4 2 J
2.001095 9 3 2 J
2.016170 9 4 2 J
2.054466 9 4 1 J
2.100517 9 4 2 J
2.120139 9 5 2 J
2.148304 9 4 2 J
2.194340 9 4 1 J
2.221315 9 5 1 J
2.244622 9 4 1 J
2.279053 9 5 1 J
2.320437 9 5 2 J
2.352738 9 6 2 J
2.401155 9 5 2 J
2.450850 9 5 1 J
2.488629 9 6 1 J
2.539780 9 6 2 J
2.566871 9 7 2 J
2.601065 9 6 2 J
2.638853 9 7 2 J
2.673426 9 8 2 J
2.714777 9 8 3 J
2.734602 9 9 3 J
2.776456 9 8 3 J
2.792994 9 8 4 J
2.821037 9 9 4 J
2.848574 9 9 5 J
2.866489 9 9 6 J
2.914527 9 9 5 J
0.000158 6 12 14 G
0.031405 6 12 0 G
0.054514 6 13 0 G
0.092046 6 12 0 G
0.112467 6 13 0 G
0.151934 6 13 14 G
0.197882 6 13 0 G
0.220501 6 13 1 G
0.272906 6 13 0 G
0.299013 6 14 0 G
0.317608 6 13 0 G
0.366178 6 14 0 G
0.417030 6 0 0 G
0.429627 6 0 14 G
0.456047 6 14 14 G
0.481173 6 14 13 G
0.493993 6 14 14 G
0.519518 6 13 14 G
0.566863 6 14 14 G
0.590407 6 14 0 G
0.617993 6 14 1 G
0.634544 6 13 1 G
0.648423 6 13 2 G
0.681386 6 14 2 G
0.729820 6 14 1 G
0.760110 6 0 1 G
0.776869 6 1 1 G
0.824467 6 1 0 G
0.878704 6 1 1 G
0.917058 6 1 0 G
0.943577 6 2 0 G
0.981997 6 3 0 G
1.030328 6 3 1 G
1.041934 6 2 1 G
1.069161 6 2 2 G
1.110270 6 2 3 G
1.158674 6 1 3 G
1.183159 6 1 2 G
1.233269 6 0 2 G
1.285482 6 14 2 G
1.306046 6 13 2 G
1.337742 6 13 1 G
1.361037 6 14 1 G
1.416621 6 14 0 G
1.461564 6 13 0 G
1.494574 6 12 0 G
1.513836 6 11 0 G
1.558341 6 11 14 G
1.604242 6 11 0 G
1.656978 6 12 0 G
1.688624 6 12 1 G
1.707156 6 11 1 G
1.748817 6 11 0 G
1.766560 6 10 0 G
1.798573 6 9 0 G
1.841556 6 9 14 G
1.862704 6 9 13 G
1.893431 6 8 13 G
1.914966 6 8 14 G
1.947419 6 7 14 G
1.980751 6 7 0 G
2.016190 6 6 0 G
2.050080 6 6 1 G
2.100515 6 7 1 G
2.116580 6 7 0 G
2.151278 6 7 14 G
2.194346 6 7 13 G
2.221256 6 6 13 G
2.239684 6 6 14 G
2.268084 6 6 13 G
2.320433 6 6 14 G
2.368169 6 7 14 G
2.421009 6 7 13 G
2.450845 6 6 13 G
2.488625 6 6 12 G
2.518952 6 5 12 G
2.554547 6 5 11 G
2.566866 6 5 12 G
2.594476 6 5 11 G
2.638969 6 5 12 G
2.673323 6 4 12 G
2.727001 6 5 12 G
2.748600 6 4 12 G
2.778729 6 4 13 G
2.806595 6 4 14 G
2.844569 6 3 14 G
2.894856 6 4 14 G
2.916427 6 5 14 G
2.952421 6 5 0 G
2.970509 6 6 0 G
3.000757 6 6 1 G
3.026596 6 6 0 G
3.075183 6 6 14 G
3.108155 6 5 14 G
0.000155 0 11 12 A
0.054603 0 10 12 A
0.099485 0 11 12 A
0.151930 0 11 13 A
0.168309 0 11 12 A
0.220327 0 11 11 A
0.245093 0 10 11 A
0.299293 0 10 10 A
0.348562 0 10 9 A
0.380576 0 10 10 A
0.405010 0 9 10 A
0.442110 0 10 10 A
0.492463 0 9 10 A
0.509810 0 9 9 A
0.534929 0 9 10 A
0.553657 0 9 11 A
0.586437 0 9 12 A
0.615837 0 9 11 A
0.660259 0 8 11 A
0.692704 0 9 11 A
0.742523 0 9 10 A
0.771726 0 8 10 A
0.824399 0 8 9 A
0.846720 0 8 8 A
0.879781 0 8 7 A
0.894237 0 7 7 A
0.918830 0 7 6 A
0.941566 0 7 5 A
0.960884 0 7 6 A
0.981963 0 8 6 A
1.030245 0 7 6 A
1.055432 0 7 5 A
1.081648 0 8 5 A
1.124670 0 8 6 A
1.169447 0 9 6 A
1.207902 0 9 7 A
1.256436 0 9 6 A
1.302460 0 10 6 A
1.350192 0 10 7 A
1.389663 0 10 8 A
1.416614 0 10 7 A
1.432106 0 9 7 A
1.480413 0 9 6 A
1.503629 0 8 6 A
1.538047 0 9 6 A
1.585697 0 8 6 A
1.614084 0 8 5 A
1.627815 0 8 4 A
1.662846 0 8 3 A
1.705199 0 8 4 A
1.748819 0 9 4 A
1.766344 0 9 5 A
1.810519 0 8 5 A
1.852192 0 7 5 A
1.890441 0 8 5 A
1.943711 0 9 5 A
1.970450 0 10 5 A
1.993140 0 9 5 A
2.027303 0 9 6 A
2.078845 0 8 6 A
2.122045 0 8 5 A
2.164816 0 8 4 A
2.194345 0 9 4 A
2.239681 0 8 4 A
2.264005 0 8 5 A
2.279057 0 7 5 A
2.310579 0 6 5 A
2.323634 0 6 4 A
2.352666 0 6 5 A
2.382503 0 7 5 A
2.435574 0 7 4 A
2.466459 0 7 5 A
2.500418 0 7 4 A
2.539541 0 7 3 A
2.589759 0 8 3 A
2.613807 0 8 4 A
2.641032 0 8 5 A
2.673442 0 8 4 A
2.714586 0 7 4 A
2.734584 0 7 3 A
2.782491 0 6 3 A
2.800841 0 5 3 A
2.831009 0 6 3 A
2.879460 0 5 3 A
2.910331 0 4 3 A
2.952417 0 4 4 A
2.975574 0 3 4 A
3.009360 0 3 5 A
3.023985 0 4 5 A
3.049619 0 4 4 A
3.089814 0 3 4 A
3.102955 0 2 4 A
3.122640 0 2 3 A
3.157342 0 2 2 A
