-1 15 15 15
0.000100 12 12 7 M
0.034504 12 13 7 M
0.072532 12 14 7 M
0.086978 12 13 7 M
0.106064 12 13 6 M
0.153611 12 13 7 M
0.172181 12 12 7 M
0.236097 12 12 8 M
0.271252 12 12 9 M
0.338693 12 13 9 M
0.366991 12 12 9 M
0.384364 12 12 8 M
0.422536 12 13 8 M
0.000100 11 8 13 L
0.053671 11 8 14 L
0.067497 11 7 14 L
0.100010 11 7 13 L
0.140338 11 7 14 L
0.155688 11 7 0 L
0.236134 11 7 14 L
0.338526 11 7 13 L
0.384510 11 6 13 L
0.428540 11 6 14 L
0.468082 11 5 14 L
0.496344 11 5 0 L
0.000096 1 2 14 B
0.022307 1 3 14 B
0.053673 1 3 0 B
0.086959 1 4 0 B
0.102502 1 4 14 B
0.120821 1 5 14 B
0.135485 1 6 14 B
0.168449 1 6 0 B
0.236098 1 6 14 B
0.338525 1 6 13 B
0.368738 1 6 12 B
0.416573 1 6 11 B
0.440912 1 6 12 B
0.459672 1 5 12 B
0.509797 1 5 13 B
0.554529 1 5 12 B
0.586932 1 6 12 B
0.635030 1 6 13 B
0.658455 1 5 13 B
0.707595 1 4 13 B
0.722076 1 4 14 B
0.744377 1 4 13 B
0.772602 1 4 14 B
0.807243 1 4 0 B
0.829894 1 5 0 B
0.846463 1 4 0 B
0.860032 1 5 0 B
0.888287 1 6 0 B
0.937752 1 5 0 B
0.982069 1 5 14 B
1.004477 1 5 13 B
1.023711 1 5 14 B
1.043547 1 6 14 B
1.067434 1 6 0 B
1.097227 1 6 14 B
0.000099 10 5 6 K
0.020575 10 6 6 K
0.053406 10 7 6 K
0.102483 10 7 5 K
0.145496 10 7 4 K
0.236096 10 8 4 K
0.338523 10 8 5 K
0.367107 10 8 4 K
0.416562 10 8 5 K
0.430570 10 8 4 K
0.477487 10 8 3 K
0.500010 10 8 2 K
0.517564 10 8 3 K
0.549622 10 9 3 K
0.567432 10 10 3 K
0.604901 10 10 2 K
0.619474 10 11 2 K
0.670844 10 11 1 K
0.720355 10 11 2 K
0.768201 10 12 2 K
0.801433 10 12 3 K
0.848548 10 12 2 K
0.862153 10 13 2 K
0.892446 10 13 1 K
0.932442 10 14 1 K
0.974934 10 14 2 K
1.010625 10 13 2 K
1.061631 10 13 3 K
1.097224 10 14 3 K
1.138940 10 14 2 K
1.186271 10 14 1 K
1.196800 10 13 1 K
1.230979 10 13 2 K
1.278575 10 13 1 K
1.327414 10 14 1 K
1.352339 10 14 0 K
1.463844 10 14 14 K
0.000100 13 7 13 N
0.053668 13 6 13 N
0.094740 13 7 13 N
0.133799 13 6 13 N
0.150123 13 6 12 N
0.236094 13 6 13 N
0.271264 13 7 13 N
0.338519 13 6 13 N
0.384524 13 6 12 N
0.426351 13 5 12 N
0.468452 13 4 12 N
0.496634 13 5 12 N
0.549594 13 4 12 N
0.575619 13 4 11 N
0.598084 13 4 12 N
0.619574 13 5 12 N
0.644129 13 4 12 N
0.694815 13 3 12 N
0.720361 13 3 13 N
0.759462 13 3 12 N
0.776506 13 3 13 N
0.805315 13 3 12 N
0.854493 13 3 11 N
0.903902 13 3 10 N
0.937695 13 3 11 N
0.976820 13 3 10 N
1.004389 13 3 9 N
1.054097 13 2 9 N
1.092516 13 3 9 N
1.138752 13 3 8 N
1.186378 13 2 8 N
1.231239 13 3 8 N
1.279908 13 4 8 N
1.316748 13 5 8 N
1.352033 13 5 7 N
1.464206 13 4 7 N
1.516248 13 4 8 N
0.000097 2 1 3 C
0.018460 2 1 4 C
0.055539 2 2 4 C
0.085363 2 3 4 C
0.098121 2 3 3 C
0.135473 2 2 3 C
0.183568 2 3 3 C
0.236189 2 3 4 C
0.338664 2 3 5 C
0.366994 2 4 5 C
0.385992 2 5 5 C
0.416572 2 6 5 C
0.442896 2 6 4 C
0.465827 2 6 3 C
0.501702 2 7 3 C
0.550932 2 6 3 C
0.567497 2 5 3 C
0.601128 2 5 4 C
0.643934 2 4 4 C
0.684770 2 4 3 C
0.703711 2 3 3 C
0.747295 2 2 3 C
0.784445 2 2 4 C
0.821125 2 2 5 C
0.848552 2 1 5 C
0.897436 2 1 4 C
0.916809 2 2 4 C
0.934548 2 2 3 C
0.967698 2 2 4 C
1.004502 2 3 4 C
1.041639 2 3 5 C
1.080856 2 4 5 C
1.097748 2 3 5 C
1.142580 2 3 6 C
1.186374 2 4 6 C
1.231240 2 4 5 C
1.278428 2 4 6 C
1.309162 2 4 7 C
1.327242 2 4 6 C
1.343515 2 4 7 C
1.464204 2 3 7 C
1.492119 2 2 7 C
1.536191 2 2 8 C
1.566540 2 3 8 C
1.648973 2 4 8 C
1.666907 2 3 8 C
0.000097 3 10 5 D
0.018436 3 10 6 D
0.038125 3 10 7 D
0.086979 3 10 8 D
0.120737 3 9 8 D
0.140340 3 10 8 D
0.158567 3 11 8 D
0.172504 3 11 7 D
0.236159 3 11 6 D
0.271238 3 11 7 D
0.338721 3 11 6 D
0.370927 3 11 7 D
0.384363 3 10 7 D
0.432562 3 11 7 D
0.460962 3 10 7 D
0.494080 3 10 8 D
0.528102 3 9 8 D
0.572303 3 9 7 D
0.610727 3 9 6 D
0.635040 3 9 7 D
0.672256 3 10 7 D
0.694777 3 9 7 D
0.735951 3 9 6 D
0.759457 3 10 6 D
0.805319 3 9 6 D
0.846509 3 8 6 D
0.877367 3 8 5 D
0.905873 3 8 4 D
0.916769 3 8 5 D
0.967701 3 9 5 D
1.018606 3 9 6 D
1.061627 3 9 7 D
1.088268 3 8 7 D
1.138946 3 7 7 D
1.186280 3 8 7 D
1.230974 3 9 7 D
1.278571 3 10 7 D
1.308889 3 9 7 D
1.343568 3 10 7 D
1.464148 3 9 7 D
1.489258 3 10 7 D
1.536195 3 10 8 D
1.565398 3 10 7 D
1.596169 3 10 6 D
1.648780 3 10 5 D
1.693466 3 11 5 D
1.703641 3 11 4 D
1.748378 3 11 5 D
1.797150 3 11 4 D
1.828990 3 10 4 D
1.867586 3 10 5 D
0.000101 14 0 0 O
0.032490 14 14 0 O
0.053398 14 14 1 O
0.076675 14 14 0 O
0.096121 14 14 14 O
0.133854 14 13 14 O
0.183524 14 14 14 O
0.236090 14 14 13 O
0.271248 14 14 12 O
0.338661 14 0 12 O
0.373513 14 1 12 O
0.416604 14 1 13 O
0.430533 14 1 14 O
0.459668 14 1 0 O
0.477636 14 2 0 O
0.501794 14 1 0 O
0.550982 14 2 0 O
0.577523 14 2 1 O
0.601195 14 2 2 O
0.634884 14 3 2 O
0.658451 14 3 3 O
0.670840 14 3 4 O
0.720359 14 3 5 O
0.735955 14 2 5 O
0.776509 14 2 6 O
0.829891 14 3 6 O
0.846467 14 4 6 O
0.865900 14 4 7 O
0.903884 14 4 8 O
0.932474 14 5 8 O
0.952945 14 6 8 O
0.985852 14 6 9 O
1.000536 14 5 9 O
1.045456 14 4 9 O
1.081140 14 5 9 O
1.138944 14 5 8 O
1.186277 14 6 8 O
1.230978 14 5 8 O
1.278573 14 5 7 O
1.327415 14 6 7 O
1.343570 14 5 7 O
1.464145 14 6 7 O
1.516407 14 7 7 O
1.547203 14 7 8 O
1.587452 14 7 9 O
1.648778 14 7 10 O
1.666899 14 8 10 O
1.693523 14 8 9 O
1.713158 14 7 9 O
1.750250 14 6 9 O
1.781616 14 6 10 O
1.830933 14 6 9 O
1.875308 14 5 9 O
0.000098 7 13 14 H
0.018458 7 12 14 H
0.069561 7 11 14 H
0.120622 7 11 13 H
0.158343 7 11 12 H
0.236171 7 11 11 H
0.271243 7 12 11 H
0.338722 7 13 11 H
0.368585 7 13 12 H
0.390883 7 12 12 H
0.418617 7 12 11 H
0.467968 7 12 10 H
0.517593 7 11 10 H
0.559569 7 10 10 H
0.587064 7 10 9 H
0.612788 7 9 9 H
0.624500 7 9 10 H
0.643939 7 8 10 H
0.669806 7 7 10 H
0.686627 7 8 10 H
0.701482 7 8 9 H
0.728685 7 9 9 H
0.774440 7 8 9 H
0.821123 7 9 9 H
0.846468 7 10 9 H
0.888323 7 10 8 H
0.932438 7 11 8 H
0.972972 7 11 7 H
0.994702 7 11 6 H
1.030438 7 11 7 H
1.080860 7 12 7 H
1.092517 7 12 8 H
1.107846 7 12 9 H
1.186375 7 11 9 H
1.205297 7 11 10 H
1.231241 7 11 11 H
1.278427 7 10 11 H
1.300576 7 10 10 H
1.352037 7 9 10 H
1.464204 7 9 11 H
1.489350 7 9 10 H
1.537848 7 9 11 H
1.555355 7 8 11 H
1.587450 7 7 11 H
1.648776 7 7 10 H
1.702524 7 7 11 H
1.722335 7 6 11 H
1.741837 7 7 11 H
1.760476 7 7 12 H
1.776543 7 7 13 H
1.821086 7 8 13 H
1.847181 7 7 13 H
1.882457 7 7 12 H
1.918856 7 8 12 H
1.935656 7 9 12 H
1.957989 7 8 12 H
2.010570 7 7 12 H
2.045986 7 8 12 H
2.086290 7 8 11 H
2.219596 7 7 11 H
2.286134 7 7 12 H
2.335386 7 7 13 H
2.389697 7 6 13 H
2.416704 7 7 13 H
2.447757 7 8 13 H
2.501172 7 7 13 H
2.549940 7 7 14 H
2.562156 7 7 0 H
0.000097 4 1 0 E
0.012530 4 2 0 E
0.056684 4 3 0 E
0.091886 4 3 1 E
0.120626 4 3 2 E
0.162616 4 3 1 E
0.236190 4 3 0 E
0.338691 4 3 14 E
0.377505 4 2 14 E
0.422906 4 2 13 E
0.442893 4 3 13 E
0.482093 4 3 12 E
0.529897 4 2 12 E
0.559565 4 2 13 E
0.587089 4 3 13 E
0.598058 4 4 13 E
0.619482 4 3 13 E
0.644114 4 3 12 E
0.658625 4 3 13 E
0.685049 4 3 12 E
0.730712 4 3 13 E
0.759464 4 2 13 E
0.784439 4 2 14 E
0.829896 4 2 13 E
0.865897 4 2 14 E
0.877383 4 3 14 E
0.905916 4 2 14 E
0.942241 4 3 14 E
0.988743 4 3 13 E
1.035702 4 2 13 E
1.061656 4 3 13 E
1.107845 4 3 12 E
1.142824 4 3 11 E
1.186377 4 3 12 E
1.232636 4 2 12 E
1.280738 4 2 11 E
1.327411 4 1 11 E
1.464144 4 0 11 E
1.489260 4 0 10 E
1.516404 4 1 10 E
1.544851 4 2 10 E
1.570576 4 2 9 E
1.587448 4 1 9 E
1.648775 4 1 8 E
1.666905 4 0 8 E
1.702582 4 14 8 E
1.739425 4 13 8 E
1.756453 4 13 7 E
1.801230 4 12 7 E
1.847179 4 12 8 E
1.865964 4 13 8 E
1.882454 4 13 7 E
1.897160 4 14 7 E
1.935617 4 14 8 E
1.976772 4 13 8 E
2.023645 4 13 7 E
2.046084 4 13 8 E
2.075242 4 12 8 E
2.100664 4 12 9 E
2.219442 4 13 9 E
2.286032 4 13 10 E
2.335609 4 13 9 E
2.389823 4 13 8 E
2.414790 4 13 9 E
2.447729 4 13 10 E
2.479711 4 12 10 E
2.525294 4 13 10 E
2.571080 4 12 10 E
2.601416 4 12 9 E
2.654430 4 11 9 E
2.743322 4 12 9 E
2.791017 4 13 9 E
2.838853 4 13 8 E
0.000099 8 6 5 I
0.032575 8 7 5 I
0.053405 8 7 6 I
0.088287 8 6 6 I
0.120660 8 6 7 I
0.135426 8 7 7 I
0.162612 8 7 6 I
0.236191 8 7 7 I
0.338688 8 7 8 I
0.377512 8 7 7 I
0.395995 8 6 7 I
0.416570 8 5 7 I
0.451173 8 4 7 I
0.492459 8 4 8 I
0.518698 8 3 8 I
0.537880 8 3 9 I
0.554533 8 3 10 I
0.586960 8 2 10 I
0.635027 8 2 9 I
0.658456 8 2 10 I
0.686783 8 2 11 I
0.703765 8 2 12 I
0.744374 8 2 13 I
0.769364 8 2 12 I
0.784466 8 2 13 I
0.801466 8 2 12 I
0.829911 8 3 12 I
0.880256 8 3 11 I
0.892485 8 4 11 I
0.905906 8 5 11 I
0.942237 8 5 10 I
0.967909 8 5 9 I
1.010582 8 6 9 I
1.055987 8 6 8 I
1.099418 8 5 8 I
1.138947 8 4 8 I
1.186279 8 5 8 I
1.230976 8 5 7 I
1.278576 8 5 8 I
1.316707 8 4 8 I
1.331916 8 4 7 I
1.464200 8 5 7 I
1.516244 8 4 7 I
1.565598 8 5 7 I
1.600731 8 6 7 I
1.648970 8 7 7 I
1.693469 8 7 6 I
1.739452 8 7 5 I
1.785865 8 6 5 I
1.817991 8 6 6 I
1.867997 8 6 7 I
1.907908 8 6 8 I
1.947447 8 6 7 I
1.980539 8 6 8 I
2.012515 8 6 7 I
2.035350 8 5 7 I
2.054038 8 6 7 I
2.104557 8 6 8 I
2.219623 8 5 8 I
2.286136 8 4 8 I
2.297591 8 3 8 I
2.335603 8 4 8 I
2.389822 8 4 7 I
2.447758 8 4 6 I
2.501176 8 4 5 I
2.532499 8 4 4 I
2.556416 8 5 4 I
2.584619 8 5 3 I
2.642127 8 4 3 I
2.743295 8 5 3 I
2.791013 8 6 3 I
2.839078 8 7 3 I
2.873430 8 7 4 I
0.000098 5 14 1 F
0.053670 5 14 0 F
0.096167 5 14 1 F
0.122600 5 13 1 F
0.170210 5 13 0 F
0.236170 5 13 1 F
0.338690 5 13 0 F
0.353570 5 14 0 F
0.370757 5 13 0 F
0.395998 5 12 0 F
0.439751 5 12 1 F
0.463879 5 13 1 F
0.487964 5 13 2 F
0.518633 5 14 2 F
0.539820 5 14 1 F
0.552774 5 14 2 F
0.575685 5 14 1 F
0.616373 5 14 2 F
0.658638 5 14 3 F
0.696109 5 13 3 F
0.709594 5 14 3 F
0.739962 5 14 4 F
0.759479 5 0 4 F
0.801476 5 0 3 F
0.831196 5 1 3 F
0.850466 5 1 2 F
0.875086 5 1 3 F
0.888285 5 1 2 F
0.937721 5 1 3 F
0.967703 5 1 2 F
1.002439 5 1 3 F
1.021709 5 1 2 F
1.037609 5 1 1 F
1.061632 5 1 0 F
1.092452 5 2 0 F
1.138943 5 2 14 F
1.186275 5 3 14 F
1.230971 5 3 0 F
1.278577 5 3 1 F
1.327431 5 3 0 F
1.464147 5 3 1 F
1.516405 5 2 1 F
1.547199 5 3 1 F
1.566536 5 3 0 F
1.596002 5 3 14 F
1.649045 5 2 14 F
1.702584 5 1 14 F
1.748566 5 1 13 F
1.797285 5 1 12 F
1.843126 5 0 12 F
1.885975 5 0 13 F
1.908126 5 0 12 F
1.935620 5 14 12 F
1.965376 5 13 12 F
2.010566 5 13 11 F
2.035172 5 12 11 F
2.086287 5 12 12 F
2.219600 5 11 12 F
2.286153 5 12 12 F
2.335389 5 11 12 F
2.353813 5 11 11 F
2.389701 5 11 12 F
2.447733 5 12 12 F
2.470786 5 11 12 F
2.506072 5 10 12 F
2.549944 5 10 11 F
2.590347 5 11 11 F
2.603016 5 12 11 F
2.654688 5 12 12 F
2.743290 5 12 11 F
2.791015 5 12 10 F
2.837398 5 11 10 F
2.854312 5 11 11 F
2.873426 5 10 11 F
2.924479 5 10 10 F
2.942495 5 11 10 F
3.043619 5 11 9 F
3.061675 5 11 8 F
3.105378 5 12 8 F
3.139225 5 13 8 F
0.000099 9 2 11 J
0.053669 9 2 10 J
0.098083 9 2 9 J
0.120625 9 2 8 J
0.150199 9 1 8 J
0.183565 9 1 7 J
0.236174 9 2 7 J
0.271241 9 2 8 J
0.338723 9 3 8 J
0.373676 9 2 8 J
0.399875 9 2 7 J
0.428543 9 2 6 J
0.451178 9 3 6 J
0.484061 9 3 7 J
0.509799 9 4 7 J
0.559570 9 3 7 J
0.598028 9 3 8 J
0.616377 9 2 8 J
0.643938 9 2 7 J
0.694780 9 1 7 J
0.728669 9 0 7 J
0.760970 9 14 7 J
0.789704 9 14 6 J
0.820991 9 14 7 J
0.846519 9 14 6 J
0.888282 9 14 7 J
0.932483 9 13 7 J
0.980099 9 13 6 J
1.000534 9 14 6 J
1.048186 9 0 6 J
1.088026 9 14 6 J
1.138750 9 0 6 J
1.186380 9 14 6 J
1.231237 9 14 7 J
1.278430 9 0 7 J
1.327239 9 14 7 J
1.464202 9 0 7 J
1.516409 9 14 7 J
1.537883 9 13 7 J
1.553303 9 14 7 J
1.587184 9 13 7 J
1.648974 9 13 8 J
1.693463 9 13 9 J
1.707434 9 12 9 J
1.720875 9 13 9 J
1.748382 9 14 9 J
1.797146 9 14 8 J
1.813113 9 13 8 J
1.840408 9 14 8 J
1.867582 9 14 7 J
1.886004 9 14 6 J
1.907912 9 0 6 J
1.935655 9 0 5 J
1.965168 9 0 4 J
2.000140 9 1 4 J
2.024766 9 1 3 J
2.054419 9 2 3 J
2.100667 9 2 2 J
2.219439 9 1 2 J
2.286028 9 2 2 J
2.335607 9 2 3 J
2.389794 9 1 3 J
2.414784 9 1 4 J
2.470784 9 1 3 J
2.512931 9 0 3 J
2.549946 9 1 3 J
2.574928 9 0 3 J
2.612714 9 1 3 J
2.654433 9 1 4 J
2.743337 9 2 4 J
2.790978 9 2 3 J
2.837173 9 1 3 J
2.887042 9 0 3 J
2.942499 9 0 2 J
3.043624 9 14 2 J
3.083988 9 13 2 J
3.105359 9 13 3 J
3.137527 9 13 4 J
3.186970 9 13 5 J
3.219840 9 13 4 J
3.250681 9 12 4 J
3.293187 9 12 5 J
3.318740 9 11 5 J
3.351863 9 11 6 J
3.466476 9 11 7 J
3.564735 9 11 8 J
3.583484 9 11 9 J
0.000095 0 11 12 A
0.034496 0 11 11 A
0.069555 0 10 11 A
0.110027 0 11 11 A
0.145421 0 10 11 A
0.183567 0 10 10 A
0.236173 0 10 9 A
0.271244 0 9 9 A
0.338692 0 10 9 A
0.384361 0 11 9 A
0.420369 0 10 9 A
0.444771 0 11 9 A
0.467840 0 11 10 A
0.486013 0 12 10 A
0.518829 0 11 10 A
0.561452 0 11 11 A
0.595313 0 11 12 A
0.644101 0 12 12 A
0.678190 0 12 13 A
0.709597 0 12 14 A
0.759461 0 12 13 A
0.784443 0 12 12 A
0.833007 0 11 12 A
0.885245 0 11 11 A
0.907885 0 11 10 A
0.942257 0 11 9 A
0.958939 0 10 9 A
0.983907 0 9 9 A
1.002449 0 9 8 A
1.019760 0 9 7 A
1.069504 0 10 7 A
1.107842 0 9 7 A
1.138717 0 9 8 A
1.186380 0 9 7 A
1.231234 0 8 7 A
1.278423 0 7 7 A
1.317842 0 8 7 A
1.464140 0 8 8 A
1.489250 0 8 7 A
1.516401 0 8 6 A
1.553307 0 8 7 A
1.600728 0 8 6 A
1.648976 0 7 6 A
1.666904 0 7 7 A
1.707315 0 7 6 A
1.725300 0 6 6 A
1.774673 0 6 7 A
1.799128 0 6 6 A
1.826959 0 6 5 A
1.843031 0 7 5 A
1.854666 0 7 6 A
1.908130 0 8 6 A
1.947255 0 7 6 A
1.976775 0 6 6 A
1.991450 0 5 6 A
2.043501 0 5 7 A
2.075244 0 5 8 A
2.100668 0 5 9 A
2.219444 0 4 9 A
2.286031 0 3 9 A
2.335606 0 2 9 A
2.389820 0 2 10 A
2.414788 0 1 10 A
2.460502 0 2 10 A
2.502012 0 3 10 A
2.542798 0 2 10 A
2.556434 0 2 9 A
2.601241 0 2 10 A
2.631058 0 2 11 A
2.743324 0 2 12 A
2.791016 0 2 11 A
2.839075 0 2 10 A
2.886965 0 2 9 A
2.924437 0 3 9 A
3.043626 0 2 9 A
3.083984 0 2 10 A
3.111379 0 3 10 A
3.137491 0 3 9 A
3.186944 0 4 9 A
3.219802 0 3 9 A
3.293223 0 3 8 A
3.345132 0 2 8 A
3.363727 0 2 9 A
3.466449 0 1 9 A
3.564722 0 0 9 A
3.608884 0 0 10 A
3.655376 0 0 9 A
3.688970 0 0 10 A
3.713577 0 1 10 A
3.784967 0 1 11 A
3.819125 0 2 11 A
3.861655 0 2 10 A
3.902306 0 1 10 A
3.921715 0 0 10 A
0.000098 6 12 14 G
0.032575 6 11 14 G
0.053665 6 10 14 G
0.098076 6 11 14 G
0.140333 6 11 13 G
0.153607 6 12 13 G
0.236172 6 13 13 G
0.271245 6 12 13 G
0.338695 6 11 13 G
0.384358 6 11 14 G
0.424478 6 11 0 G
0.470735 6 12 0 G
0.494096 6 13 0 G
0.533767 6 12 0 G
0.549621 6 11 0 G
0.591140 6 12 0 G
0.617579 6 13 0 G
0.670842 6 14 0 G
0.720377 6 13 0 G
0.769345 6 13 1 G
0.801429 6 14 1 G
0.821126 6 0 1 G
0.862170 6 1 1 G
0.913958 6 1 0 G
0.951182 6 2 0 G
0.976802 6 2 1 G
1.021725 6 2 2 G
1.056007 6 2 3 G
1.092456 6 2 2 G
1.142636 6 2 3 G
1.186278 6 2 2 G
1.231017 6 1 2 G
1.278578 6 1 1 G
1.308893 6 1 2 G
1.338770 6 1 3 G
1.464143 6 0 3 G
1.489261 6 14 3 G
1.536196 6 14 4 G
1.587453 6 0 4 G
1.600841 6 0 3 G
1.648772 6 0 2 G
1.693468 6 1 2 G
1.741840 6 0 2 G
1.774676 6 0 3 G
1.813187 6 0 4 G
1.830937 6 14 4 G
1.875666 6 14 3 G
1.925074 6 0 3 G
1.965379 6 0 2 G
1.991616 6 0 3 G
2.023417 6 14 3 G
2.043577 6 13 3 G
2.075196 6 14 3 G
2.219599 6 0 3 G
2.286154 6 1 3 G
2.335391 6 2 3 G
2.363643 6 3 3 G
2.389825 6 4 3 G
2.447756 6 4 4 G
2.470765 6 4 5 G
2.509755 6 4 4 G
2.525265 6 4 3 G
2.549997 6 3 3 G
2.571081 6 2 3 G
2.601282 6 2 4 G
2.612779 6 1 4 G
2.642123 6 2 4 G
2.743296 6 3 4 G
2.791018 6 3 3 G
2.837383 6 3 2 G
2.854315 6 2 2 G
2.886968 6 2 3 G
2.924433 6 2 2 G
3.043623 6 3 2 G
3.084011 6 3 1 G
3.104616 6 3 0 G
3.139162 6 2 0 G
3.186948 6 2 1 G
3.219806 6 3 1 G
3.293214 6 4 1 G
3.318735 6 5 1 G
3.363676 6 4 1 G
3.466485 6 5 1 G
3.564684 6 6 1 G
3.608887 6 6 0 G
3.655371 6 5 0 G
3.679312 6 6 0 G
3.701667 6 6 1 G
3.713637 6 5 1 G
3.785137 6 5 2 G
3.819442 6 5 1 G
3.868719 6 5 0 G
3.902264 6 4 0 G
3.922607 6 4 14 G
