-1  15  15  15
 0.000000000  13  7  5  N
 0.006677373  13  8  5  N
 0.052939835  13  8  5  n
 0.000000000  10  5  4  K
 0.005579466  10  6  4  K
 0.042257117  10  7  4  K
 0.059428766  10  8  4  K
 0.078427525  10  8  4  k
 0.000000000  4  11  14  E
 0.004091249  4  11  0  E
 0.044112617  4  11  14  E
 0.064479360  4  11  0  E
 0.084849729  4  10  0  E
 0.132567627  4  10  0  e
 0.000000000  6  10  0  G
 0.004532897  6  11  0  G
 0.024010463  6  11  1  G
 0.037305904  6  12  1  G
 0.055956501  6  11  1  G
 0.073391357  6  11  0  G
 0.132579919  6  11  0  g
 0.000000000  9  5  11  J
 0.005262827  9  6  11  J
 0.040467029  9  5  11  J
 0.069124770  9  5  10  J
 0.116958296  9  6  10  J
 0.162520589  9  7  10  J
 0.181434665  9  8  10  J
 0.219191234  9  8  11  J
 0.262432701  9  8  10  J
 0.278787109  9  9  10  J
 0.313616741  9  10  10  J
 0.335101537  9  10  9  J
 0.350069749  9  11  9  J
 0.399458205  9  10  9  J
 0.427720194  9  9  9  J
 0.462733018  9  10  9  J
 0.507371331  9  11  9  J
 0.000000000  3  12  9  D
 0.003902199  3  12  10  D
 0.048047454  3  11  10  D
 0.084870880  3  12  10  D
 0.126674275  3  12  11  D
 0.165417780  3  12  12  D
 0.184536176  3  13  12  D
 0.209452082  3  13  11  D
 0.235153274  3  13  10  D
 0.252586682  3  13  11  D
 0.299316189  3  13  10  D
 0.318446042  3  14  10  D
 0.342266240  3  14  9  D
 0.378931979  3  0  9  D
 0.415045588  3  0  8  D
 0.462588922  3  0  9  D
 0.490196613  3  0  8  D
 0.523798439  3  1  8  D
 0.000000000  1  2  13  B
 0.003601892  1  3  13  B
 0.018487405  1  2  13  B
 0.040212744  1  3  13  B
 0.089170283  1  4  13  B
 0.121853022  1  4  12  B
 0.157483901  1  5  12  B
 0.207472109  1  4  12  B
 0.236812932  1  5  12  B
 0.279731090  1  5  13  B
 0.300108527  1  5  14  B
 0.330239827  1  6  14  B
 0.368129598  1  6  0  B
 0.417730806  1  7  0  B
 0.433400310  1  6  0  B
 0.450890587  1  7  0  B
 0.474059686  1  8  0  B
 0.493741623  1  8  0  b
 0.000000000  12  9  5  M
 0.006583348  12  9  6  M
 0.040446767  12  9  7  M
 0.069525843  12  8  7  M
 0.084888075  12  8  6  M
 0.126649609  12  8  7  M
 0.148515285  12  9  7  M
 0.191152714  12  8  7  M
 0.226953416  12  8  6  M
 0.261210228  12  8  7  M
 0.280713286  12  8  6  M
 0.294964967  12  7  6  M
 0.330351706  12  8  6  M
 0.351152625  12  8  7  M
 0.386545565  12  8  6  M
 0.408347584  12  8  7  M
 0.443060981  12  7  7  M
 0.485649123  12  8  7  M
 0.512513696  12  8  6  M
 0.533904090  12  8  6  m
 0.000000000  2  8  10  C
 0.003664429  2  9  10  C
 0.047516517  2  10  10  C
 0.084879721  2  11  10  C
 0.126686341  2  12  10  C
 0.175707344  2  11  10  C
 0.222203147  2  11  11  C
 0.233174004  2  10  11  C
 0.252608734  2  9  11  C
 0.282879935  2  9  12  C
 0.315467503  2  9  11  C
 0.357020806  2  8  11  C
 0.375793934  2  8  12  C
 0.401918127  2  8  13  C
 0.431116340  2  9  13  C
 0.450914615  2  8  13  C
 0.479272033  2  8  14  C
 0.516012408  2  8  14  c
 0.000000000  8  11  12  I
 0.004961276  8  12  12  I
 0.038251308  8  13  12  I
 0.088855135  8  13  11  I
 0.113498352  8  12  11  I
 0.132544869  8  12  12  I
 0.165404088  8  11  12  I
 0.177641311  8  11  13  I
 0.199830736  8  12  13  I
 0.222182949  8  12  12  I
 0.242103188  8  12  13  I
 0.267210696  8  12  14  I
 0.303168685  8  12  0  I
 0.345481118  8  12  14  I
 0.393233150  8  12  0  I
 0.415064330  8  12  1  I
 0.490237526  8  12  0  I
 0.507362185  8  12  1  I
 0.575745517  8  12  0  I
 0.610584242  8  13  0  I
 0.624333459  8  12  0  I
 0.671099340  8  12  0  i
 0.000000000  5  12  13  F
 0.004279215  5  13  13  F
 0.044565175  5  13  14  F
 0.067111544  5  13  0  F
 0.092057219  5  12  0  F
 0.143333649  5  12  1  F
 0.175731941  5  12  2  F
 0.207359300  5  13  2  F
 0.246741687  5  14  2  F
 0.294917770  5  13  2  F
 0.330219604  5  14  2  F
 0.345500031  5  13  2  F
 0.368207585  5  13  1  F
 0.417838828  5  12  1  F
 0.443041951  5  12  2  F
 0.490225504  5  12  1  F
 0.520590135  5  13  1  F
 0.575727857  5  13  0  F
 0.671120905  5  13  0  f
 0.000000000  0  14  11  A
 0.003348250  0  14  12  A
 0.035360377  0  14  13  A
 0.048033172  0  13  13  A
 0.088873001  0  14  13  A
 0.143195252  0  14  12  A
 0.190420901  0  0  12  A
 0.219160947  0  1  12  A
 0.236841783  0  1  13  A
 0.287994358  0  0  13  A
 0.315568719  0  1  13  A
 0.348148613  0  1  14  A
 0.389483737  0  1  13  A
 0.401419730  0  0  13  A
 0.423609419  0  14  13  A
 0.462769113  0  13  13  A
 0.507345233  0  13  12  A
 0.545927685  0  12  12  A
 0.575268617  0  13  12  A
 0.621780469  0  13  13  A
 0.658154417  0  13  12  A
 0.679602603  0  14  12  A
 0.709359261  0  14  11  A
 0.740507661  0  0  11  A
 0.774161726  0  1  11  A
 0.810703204  0  1  10  A
 0.862202383  0  1  9  A
 0.887888758  0  1  9  a
 0.000000000  7  1  13  H
 0.004748153  7  0  13  H
 0.088939286  7  0  14  H
 0.116985725  7  1  14  H
 0.165377436  7  2  14  H
 0.175723043  7  2  0  H
 0.199850900  7  3  0  H
 0.225742517  7  4  0  H
 0.238087082  7  4  14  H
 0.257679899  7  4  0  H
 0.294874727  7  5  0  H
 0.318454922  7  6  0  H
 0.363596771  7  6  1  H
 0.395599993  7  6  2  H
 0.427700095  7  5  2  H
 0.476105321  7  5  3  H
 0.501545601  7  6  3  H
 0.514987737  7  6  2  H
 0.561499816  7  7  2  H
 0.601847805  7  7  3  H
 0.636461630  7  7  4  H
 0.667575181  7  7  3  H
 0.688799349  7  6  3  H
 0.730386006  7  6  2  H
 0.763999147  7  6  1  H
 0.797844127  7  6  0  H
 0.818571309  7  7  0  H
 0.865088030  7  7  14  H
 0.878835448  7  7  13  H
 0.898966320  7  7  14  H
 0.945923497  7  7  14  h
 0.000000000  14  1  12  O
 0.006743502  14  0  12  O
 0.018530587  14  0  13  O
 0.050988810  14  0  14  O
 0.088902625  14  1  14  O
 0.106473831  14  1  13  O
 0.157464722  14  2  13  O
 0.205103612  14  3  13  O
 0.225703068  14  4  13  O
 0.259355435  14  4  12  O
 0.294856719  14  3  12  O
 0.318428514  14  2  12  O
 0.347031089  14  2  13  O
 0.395755320  14  2  12  O
 0.423735347  14  2  13  O
 0.464468090  14  3  13  O
 0.501564942  14  2  13  O
 0.542042736  14  3  13  O
 0.576998136  14  4  13  O
 0.626064507  14  3  13  O
 0.643793488  14  2  13  O
 0.665609686  14  2  12  O
 0.716953557  14  1  12  O
 0.730535736  14  0  12  O
 0.756925462  14  14  12  O
 0.785123392  14  14  13  O
 0.806669582  14  13  13  O
 0.852924396  14  12  13  O
 0.887868429  14  13  13  O
 0.906215423  14  13  12  O
 0.918697780  14  13  13  O
 0.949669435  14  12  13  O
 0.968984033  14  13  13  O
 1.002521756  14  12  13  O
 1.021480369  14  13  13  O
 1.063213471  14  13  14  O
 1.074838584  14  13  13  O
 0.000000000  11  3  10  L
 0.005946536  11  3  9  L
 0.057805849  11  3  8  L
 0.088913149  11  3  9  L
 0.106490232  11  4  9  L
 0.128857950  11  3  9  L
 0.148464597  11  3  10  L
 0.197875107  11  2  10  L
 0.210176411  11  2  9  L
 0.257667025  11  1  9  L
 0.268027419  11  2  9  L
 0.289955662  11  3  9  L
 0.301460885  11  3  10  L
 0.345478225  11  4  10  L
 0.395613861  11  3  10  L
 0.443037776  11  3  9  L
 0.471145600  11  3  10  L
 0.512518295  11  3  9  L
 0.559181897  11  3  8  L
 0.589916256  11  3  9  L
 0.623142489  11  3  8  L
 0.662129609  11  3  7  L
 0.688817516  11  3  6  L
 0.740616219  11  4  6  L
 0.785269845  11  4  5  L
 0.828749595  11  3  5  L
 0.878748247  11  4  5  L
 0.920020719  11  5  5  L
 0.940314143  11  5  6  L
 0.960584841  11  6  6  L
 0.979798707  11  6  7  L
 0.996090244  11  5  7  L
 1.033651301  11  5  6  L
 1.074987432  11  4  6  L
 1.097122225  11  4  7  L
 1.130638399  11  4  8  L
 1.159806294  11  5  8  L
 1.190443283  11  4  8  L
 1.234013642  11  3  8  L
 1.286750259  11  3  9  L
 1.302827290  11  2  9  L
 1.344757310  11  2  10  L
 1.380798711  11  2  9  L
 1.430140475  11  2  9  l
