-1  15  15  15
 0.000000000  2  0  6  C
 0.003746054  2  14  6  C
 0.040773401  2  0  6  C
 0.071968208  2  0  7  C
 0.119718177  2  0  7  c
 0.000000000  14  14  6  O
 0.004835532  14  14  7  O
 0.040761935  14  14  8  O
 0.063558015  14  14  7  O
 0.119680378  14  14  7  o
 0.000000000  6  12  6  G
 0.003989140  6  11  6  G
 0.024268982  6  10  6  G
 0.064130536  6  9  6  G
 0.099384169  6  10  6  G
 0.123430743  6  10  5  G
 0.165632739  6  10  4  G
 0.213263930  6  11  4  G
 0.253432694  6  11  3  G
 0.293363944  6  10  3  G
 0.304587700  6  11  3  G
 0.353620231  6  10  3  G
 0.000000000  5  4  9  F
 0.003908381  5  3  9  F
 0.043347192  5  3  8  F
 0.060234275  5  2  8  F
 0.119709055  5  1  8  F
 0.165589743  5  2  8  F
 0.196488139  5  1  8  F
 0.213102163  5  2  8  F
 0.226951053  5  2  8  f
 0.000000000  1  2  9  B
 0.003540654  1  1  9  B
 0.037842593  1  1  8  B
 0.070275252  1  2  8  B
 0.081942742  1  2  7  B
 0.119643796  1  3  7  B
 0.174008910  1  3  8  B
 0.196474831  1  3  9  B
 0.220079085  1  2  9  B
 0.253430105  1  2  9  b
 0.000000000  10  12  4  K
 0.004424255  10  12  3  K
 0.039845597  10  13  3  K
 0.071955559  10  12  3  K
 0.092873658  10  11  3  K
 0.119688886  10  11  2  K
 0.149598829  10  10  2  K
 0.165613149  10  10  3  K
 0.191473201  10  10  2  K
 0.253420895  10  11  2  K
 0.267470993  10  11  3  K
 0.308067844  10  11  4  K
 0.353464424  10  12  4  K
 0.401834626  10  13  4  K
 0.426000655  10  12  4  K
 0.464835874  10  11  4  K
 0.000000000  0  3  10  A
 0.003164482  0  3  9  A
 0.060245667  0  3  10  A
 0.083252881  0  2  10  A
 0.099411878  0  1  10  A
 0.119726559  0  1  9  A
 0.149653717  0  1  10  A
 0.181357347  0  0  10  A
 0.253457201  0  1  10  A
 0.283344138  0  2  10  A
 0.320513306  0  2  11  A
 0.354177595  0  2  12  A
 0.383867523  0  2  11  A
 0.411418033  0  1  11  A
 0.439292870  0  1  10  A
 0.464805380  0  2  10  A
 0.492769592  0  2  10  a
 0.000000000  7  13  1  H
 0.004300913  7  12  1  H
 0.053746759  7  11  1  H
 0.065200887  7  11  0  H
 0.081979442  7  12  0  H
 0.099384042  7  12  14  H
 0.129346830  7  11  14  H
 0.181365262  7  11  13  H
 0.213222853  7  11  12  H
 0.264383607  7  12  12  H
 0.283408387  7  12  11  H
 0.302617414  7  12  12  H
 0.316692279  7  12  13  H
 0.357257976  7  12  14  H
 0.393169657  7  13  14  H
 0.446913927  7  12  14  H
 0.481096073  7  11  14  H
 0.529421503  7  11  13  H
 0.551915250  7  11  14  H
 0.581780340  7  12  14  H
 0.000000000  9  2  11  J
 0.004385170  9  3  11  J
 0.042439236  9  2  11  J
 0.057312270  9  2  12  J
 0.092844293  9  1  12  J
 0.149644701  9  1  13  J
 0.181337268  9  1  14  J
 0.220105897  9  1  13  J
 0.253407460  9  1  14  J
 0.302775741  9  2  14  J
 0.330817390  9  3  14  J
 0.373026998  9  2  14  J
 0.402296461  9  2  0  J
 0.451369161  9  2  1  J
 0.489705364  9  3  1  J
 0.518269019  9  3  2  J
 0.566025473  9  2  2  J
 0.607628142  9  3  2  J
 0.650422252  9  4  2  J
 0.000000000  3  5  4  D
 0.003836781  3  5  3  D
 0.046553573  3  4  3  D
 0.092864775  3  4  4  D
 0.119697384  3  4  3  D
 0.165623571  3  3  3  D
 0.207498047  3  2  3  D
 0.253406417  3  2  4  D
 0.291010945  3  3  4  D
 0.310252132  3  4  4  D
 0.354223709  3  4  5  D
 0.383856884  3  4  4  D
 0.426386967  3  4  5  D
 0.464826622  3  5  5  D
 0.487193437  3  6  5  D
 0.518252487  3  7  5  D
 0.543266049  3  6  5  D
 0.588809499  3  7  5  D
 0.623302701  3  7  6  D
 0.663588702  3  6  6  D
 0.719461540  3  5  6  D
 0.734202648  3  5  7  D
 0.760084322  3  5  6  D
 0.000000000  8  9  0  I
 0.004345122  8  8  0  I
 0.028016051  8  8  14  I
 0.069972346  8  9  14  I
 0.099429661  8  8  14  I
 0.119735084  8  7  14  I
 0.173993364  8  6  14  I
 0.213360109  8  6  0  I
 0.253423690  8  7  0  I
 0.288405844  8  6  0  I
 0.302837789  8  6  1  I
 0.316712146  8  5  1  I
 0.353485334  8  5  2  I
 0.368960022  8  6  2  I
 0.411327875  8  7  2  I
 0.459647064  8  8  2  I
 0.491734662  8  7  2  I
 0.505674761  8  8  2  I
 0.543271798  8  7  2  I
 0.588667876  8  6  2  I
 0.617995884  8  5  2  I
 0.650388551  8  5  2  i
 0.000000000  13  7  5  N
 0.004755148  13  7  4  N
 0.043137807  13  7  5  N
 0.065182977  13  7  4  N
 0.099439790  13  8  4  N
 0.149610865  13  9  4  N
 0.173984092  13  8  4  N
 0.191500341  13  7  4  N
 0.253465942  13  7  5  N
 0.269651316  13  6  5  N
 0.283420862  13  5  5  N
 0.330792035  13  5  4  N
 0.371732890  13  6  4  N
 0.383831425  13  6  3  N
 0.424351693  13  5  3  N
 0.464826286  13  5  4  N
 0.498539159  13  4  4  N
 0.529416140  13  3  4  N
 0.552882995  13  4  4  N
 0.597485738  13  3  4  N
 0.645316709  13  4  4  N
 0.677259379  13  3  4  N
 0.703823185  13  4  4  N
 0.719452349  13  4  3  N
 0.734182346  13  5  3  N
 0.782056621  13  4  3  N
 0.811239481  13  5  3  N
 0.860819504  13  6  3  N
 0.889659810  13  7  3  N
 0.000000000  12  6  0  M
 0.004480959  12  7  0  M
 0.038819028  12  6  0  M
 0.083024177  12  7  0  M
 0.099421138  12  7  14  M
 0.129426339  12  7  0  M
 0.173973897  12  7  14  M
 0.213374289  12  7  13  M
 0.253446712  12  8  13  M
 0.267489720  12  7  13  M
 0.283389239  12  7  14  M
 0.312107663  12  7  13  M
 0.330762375  12  7  12  M
 0.353494475  12  7  13  M
 0.393150252  12  7  14  M
 0.428863739  12  6  14  M
 0.464807718  12  7  14  M
 0.514001287  12  8  14  M
 0.551938049  12  8  13  M
 0.588740198  12  9  13  M
 0.607469682  12  8  13  M
 0.655524503  12  9  13  M
 0.678434953  12  10  13  M
 0.714052108  12  11  13  M
 0.748121967  12  12  13  M
 0.777304005  12  12  13  m
 0.000000000  11  9  9  L
 0.004460321  11  10  9  L
 0.035904485  11  9  9  L
 0.085807220  11  10  9  L
 0.119662716  11  9  9  L
 0.149636094  11  9  10  L
 0.173913271  11  8  10  L
 0.207478444  11  8  9  L
 0.253441672  11  8  8  L
 0.270752458  11  7  8  L
 0.304743688  11  7  9  L
 0.330807415  11  7  8  L
 0.376122714  11  8  8  L
 0.411402515  11  8  7  L
 0.440248290  11  8  6  L
 0.489689875  11  8  7  L
 0.537375605  11  8  6  L
 0.550883545  11  8  7  L
 0.573239361  11  9  7  L
 0.611226706  11  10  7  L
 0.635213131  11  10  6  L
 0.672605251  11  9  6  L
 0.719434695  11  10  6  L
 0.748185924  11  9  6  L
 0.789235913  11  8  6  L
 0.811262740  11  8  5  L
 0.828003791  11  7  5  L
 0.870277084  11  7  6  L
 0.885914689  11  7  5  L
 0.909254567  11  7  6  L
 0.951532272  11  6  6  L
 0.979908771  11  6  5  L
 1.037817172  11  6  6  L
 1.081132242  11  6  6  l
 0.000000000  4  10  2  E
 0.003874350  4  11  2  E
 0.033867339  4  11  1  E
 0.081996753  4  11  0  E
 0.119672056  4  12  0  E
 0.149619657  4  12  14  E
 0.181417760  4  11  14  E
 0.213243180  4  11  13  E
 0.264408393  4  10  13  E
 0.287279012  4  9  13  E
 0.308044407  4  9  12  E
 0.354250113  4  9  13  E
 0.369262082  4  10  13  E
 0.402313365  4  11  13  E
 0.439273334  4  12  13  E
 0.452433127  4  11  13  E
 0.502644279  4  10  13  E
 0.529553325  4  11  13  E
 0.581804171  4  11  12  E
 0.633907520  4  11  11  E
 0.650368553  4  11  10  E
 0.700521992  4  10  10  E
 0.743459889  4  10  11  E
 0.779341487  4  10  12  E
 0.807970018  4  11  12  E
 0.822464062  4  11  11  E
 0.860693838  4  11  12  E
 0.903481116  4  10  12  E
 0.927999679  4  11  12  E
 0.978360115  4  10  12  E
 1.010436019  4  10  13  E
 1.037812750  4  10  14  E
 1.081178128  4  9  14  E
 1.101458026  4  9  13  E
 1.140957481  4  8  13  E
 1.183300831  4  8  12  E
 1.222530561  4  9  12  E
 1.274394241  4  8  12  E
 1.324004993  4  8  11  E
 1.365042822  4  9  11  E
 1.415966305  4  9  12  E
 1.470391548  4  8  12  E
 1.486485555  4  7  12  E
 1.500847989  4  7  11  E
 1.538857393  4  7  10  E
 1.556630453  4  6  10  E
 1.602499568  4  6  9  E
 1.652491885  4  7  9  E
 1.707633464  4  7  10  E
 1.805353216  4  8  10  E
 1.878436261  4  9  10  E
