-1  15  15  15
 0.000000000  3  6  14  D
 0.004127026  3  5  14  D
 0.039588561  3  5  0  D
 0.055020373  3  6  0  D
 0.090175034  3  5  0  D
 0.145291036  3  5  0  d
 0.000000000  0  5  1  A
 0.003407633  0  5  2  A
 0.033593548  0  5  1  A
 0.070690859  0  5  0  A
 0.090191454  0  5  1  A
 0.117540093  0  4  1  A
 0.153064346  0  5  1  A
 0.186075547  0  5  1  a
 0.000000000  8  7  14  I
 0.006012217  8  7  13  I
 0.048170592  8  8  13  I
 0.089318784  8  8  14  I
 0.130189821  8  8  13  I
 0.170672478  8  8  14  I
 0.198312875  8  8  13  I
 0.244075852  8  7  13  I
 0.295144071  8  8  13  I
 0.329101179  8  8  12  I
 0.371943758  8  8  13  I
 0.413888650  8  7  13  I
 0.457717793  8  7  14  I
 0.481341743  8  7  13  I
 0.529302877  8  6  13  I
 0.543593397  8  6  14  I
 0.582154441  8  5  14  I
 0.597733568  8  6  14  I
 0.647484441  8  6  13  I
 0.681375639  8  7  13  I
 0.720293302  8  7  12  I
 0.758407970  8  8  12  I
 0.000000000  1  1  4  B
 0.003665631  1  1  5  B
 0.057204367  1  1  4  B
 0.073336817  1  2  4  B
 0.117526928  1  3  4  B
 0.168750260  1  3  5  B
 0.186026862  1  3  6  B
 0.206440433  1  4  6  B
 0.260545339  1  4  5  B
 0.283565634  1  3  5  B
 0.301811692  1  3  6  B
 0.323812275  1  2  6  B
 0.343345064  1  3  6  B
 0.375875784  1  2  6  B
 0.420110163  1  1  6  B
 0.457702494  1  1  7  B
 0.490945746  1  0  7  B
 0.506559479  1  1  7  B
 0.520158037  1  0  7  B
 0.572293675  1  0  8  B
 0.610245491  1  0  7  B
 0.649139277  1  14  7  B
 0.683098329  1  14  7  b
 0.000000000  12  1  2  M
 0.007200597  12  1  3  M
 0.023784351  12  0  3  M
 0.073377440  12  1  3  M
 0.108812080  12  1  4  M
 0.125321176  12  1  3  M
 0.148153915  12  0  3  M
 0.186063822  12  14  3  M
 0.198321210  12  14  2  M
 0.226821052  12  13  2  M
 0.254493340  12  12  2  M
 0.294884705  12  12  1  M
 0.323925158  12  12  2  M
 0.372054315  12  12  3  M
 0.413918249  12  13  3  M
 0.426896728  12  13  4  M
 0.463673893  12  12  4  M
 0.488891022  12  13  4  M
 0.543570297  12  13  5  M
 0.588719556  12  13  6  M
 0.647465252  12  14  6  M
 0.681375719  12  14  6  m
 0.000000000  13  10  5  N
 0.007963913  13  9  5  N
 0.036069606  13  8  5  N
 0.057961192  13  8  6  N
 0.097223437  13  9  6  N
 0.141980048  13  9  7  N
 0.186093969  13  8  7  N
 0.236019735  13  8  8  N
 0.266603447  13  8  9  N
 0.309413933  13  8  10  N
 0.349107335  13  8  9  N
 0.413928061  13  8  10  N
 0.433328006  13  8  9  N
 0.481369289  13  7  9  N
 0.498655670  13  7  8  N
 0.522322781  13  8  8  N
 0.543535112  13  9  8  N
 0.582173918  13  10  8  N
 0.623760496  13  10  7  N
 0.667544709  13  9  7  N
 0.707768204  13  10  7  N
 0.745942666  13  10  6  N
 0.771546895  13  10  7  N
 0.816876123  13  9  7  N
 0.000000000  6  8  13  G
 0.005455377  6  8  14  G
 0.035088561  6  7  14  G
 0.083671047  6  7  0  G
 0.137995172  6  6  0  G
 0.179454638  6  6  1  G
 0.215358631  6  6  2  G
 0.266593729  6  6  1  G
 0.302337119  6  6  2  G
 0.348974202  6  6  1  G
 0.375736601  6  6  2  G
 0.414188812  6  7  2  G
 0.433230206  6  7  1  G
 0.464781708  6  7  2  G
 0.514754228  6  8  2  G
 0.543410555  6  9  2  G
 0.570044061  6  10  2  G
 0.608171945  6  11  2  G
 0.660518752  6  11  3  G
 0.704741971  6  10  3  G
 0.731749118  6  9  3  G
 0.780324601  6  8  3  G
 0.808335006  6  7  3  G
 0.846851436  6  7  4  G
 0.000000000  4  8  8  E
 0.004377995  4  8  9  E
 0.041735237  4  7  9  E
 0.059908967  4  8  9  E
 0.097295870  4  7  9  E
 0.117509607  4  6  9  E
 0.168775006  4  5  9  E
 0.215293120  4  4  9  E
 0.260542463  4  4  10  E
 0.283616051  4  4  9  E
 0.329120770  4  4  10  E
 0.349622037  4  3  10  E
 0.381136546  4  2  10  E
 0.423387757  4  2  9  E
 0.457468380  4  1  9  E
 0.506394090  4  1  10  E
 0.555668764  4  0  10  E
 0.582183571  4  0  11  E
 0.620413888  4  0  12  E
 0.667500107  4  14  12  E
 0.695082891  4  14  11  E
 0.712093084  4  13  11  E
 0.732319515  4  14  11  E
 0.758785202  4  13  11  E
 0.784335436  4  13  11  e
 0.000000000  11  4  11  L
 0.006953672  11  4  10  L
 0.038438243  11  4  11  L
 0.068721787  11  5  11  L
 0.089385428  11  4  11  L
 0.127961723  11  3  11  L
 0.145349152  11  2  11  L
 0.168824002  11  1  11  L
 0.198341931  11  2  11  L
 0.224271807  11  1  11  L
 0.270671497  11  0  11  L
 0.306325035  11  0  10  L
 0.343325806  11  0  11  L
 0.385704336  11  14  11  L
 0.426877683  11  14  10  L
 0.457688902  11  14  9  L
 0.499727421  11  14  8  L
 0.520050061  11  14  9  L
 0.572236018  11  14  10  L
 0.619920320  11  14  9  L
 0.652217581  11  13  9  L
 0.704720342  11  13  10  L
 0.719151599  11  12  10  L
 0.745914558  11  12  11  L
 0.797013100  11  12  11  l
 0.000000000  5  6  11  F
 0.004628947  5  6  12  F
 0.023802262  5  7  12  F
 0.040390949  5  7  13  F
 0.089415309  5  7  14  F
 0.138008187  5  7  0  F
 0.186084687  5  8  0  F
 0.236039905  5  8  1  F
 0.254507083  5  9  1  F
 0.283620457  5  9  2  F
 0.315072401  5  10  2  F
 0.351111788  5  10  3  F
 0.375889990  5  10  4  F
 0.420091176  5  11  4  F
 0.444017985  5  10  4  F
 0.493589731  5  10  5  F
 0.506549700  5  11  5  F
 0.517097893  5  11  6  F
 0.564340591  5  11  7  F
 0.590650981  5  11  8  F
 0.614286642  5  10  8  F
 0.667654720  5  10  9  F
 0.704777905  5  10  10  F
 0.733653628  5  11  10  F
 0.766837574  5  10  10  F
 0.788440247  5  11  10  F
 0.806766349  5  11  11  F
 0.822635856  5  11  11  f
 0.000000000  9  11  10  J
 0.006229378  9  10  10  J
 0.036500594  9  10  9  J
 0.057976085  9  10  10  J
 0.088486101  9  10  9  J
 0.108830397  9  10  8  J
 0.122208403  9  9  8  J
 0.179474748  9  10  8  J
 0.211344710  9  10  7  J
 0.260560754  9  10  8  J
 0.290642068  9  10  7  J
 0.338319076  9  10  8  J
 0.375808439  9  11  8  J
 0.413938045  9  10  8  J
 0.444109499  9  9  8  J
 0.483830984  9  9  9  J
 0.506535587  9  10  9  J
 0.543600828  9  10  10  J
 0.560849201  9  10  11  J
 0.599338106  9  10  10  J
 0.627636019  9  11  10  J
 0.667519227  9  11  9  J
 0.709680501  9  11  8  J
 0.731981457  9  11  9  J
 0.775573884  9  10  9  J
 0.824527944  9  10  8  J
 0.856729438  9  9  8  J
 0.893379006  9  9  8  j
 0.000000000  7  8  0  H
 0.005534899  7  7  0  H
 0.033590394  7  6  0  H
 0.051120882  7  6  1  H
 0.084414118  7  6  0  H
 0.145330945  7  6  1  H
 0.168638561  7  6  2  H
 0.215345754  7  6  3  H
 0.266580307  7  5  3  H
 0.290620942  7  5  2  H
 0.317078426  7  4  2  H
 0.332484450  7  4  3  H
 0.371963934  7  4  4  H
 0.413908156  7  5  4  H
 0.433191782  7  5  3  H
 0.481359657  7  4  3  H
 0.522493879  7  4  2  H
 0.555750954  7  4  1  H
 0.606162003  7  4  2  H
 0.622758240  7  4  3  H
 0.651370141  7  3  3  H
 0.670653635  7  3  4  H
 0.704785388  7  2  4  H
 0.758501796  7  2  3  H
 0.770574671  7  3  3  H
 0.804888066  7  3  4  H
 0.856529413  7  2  4  H
 0.911781181  7  1  4  H
 0.940373858  7  2  4  H
 0.976801035  7  2  3  H
 1.008173419  7  1  3  H
 1.039982523  7  2  3  H
 1.067883675  7  1  3  H
 1.087722872  7  0  3  H
 1.125450664  7  0  2  H
 1.168543463  7  1  2  H
 1.184004196  7  1  3  H
 1.214469331  7  0  3  H
 1.241505301  7  1  3  H
 1.267155636  7  1  4  H
 1.321764137  7  1  5  H
 1.370648576  7  2  5  H
 1.413068199  7  2  6  H
 1.430734002  7  3  6  H
 1.476686076  7  4  6  H
 0.000000000  10  9  13  K
 0.006791001  10  10  13  K
 0.056085773  10  10  12  K
 0.108792315  10  11  12  K
 0.137963911  10  11  13  K
 0.162589515  10  11  12  K
 0.200073266  10  10  12  K
 0.215088116  10  11  12  K
 0.260570555  10  11  13  K
 0.301598434  10  11  12  K
 0.338335495  10  12  12  K
 0.372036932  10  13  12  K
 0.413981299  10  14  12  K
 0.444096921  10  14  13  K
 0.490931646  10  13  13  K
 0.543616037  10  12  13  K
 0.588722517  10  13  13  K
 0.600310609  10  14  13  K
 0.620351035  10  13  13  K
 0.650074057  10  14  13  K
 0.670465342  10  0  13  K
 0.714311144  10  14  13  K
 0.758594745  10  14  14  K
 0.788430632  10  13  14  K
 0.821167466  10  12  14  K
 0.870424017  10  11  14  K
 0.899801115  10  11  13  K
 0.936055979  10  10  13  K
 0.983707016  10  11  13  K
 1.036004899  10  10  13  K
 1.064388290  10  10  12  K
 1.112046821  10  10  13  K
 1.133690751  10  10  14  K
 1.180883202  10  10  0  K
 1.215327237  10  11  0  K
 1.248523924  10  10  0  K
 1.299236948  10  10  1  K
 1.342376436  10  9  1  K
 1.391019382  10  8  1  K
 1.441426101  10  9  1  K
 1.483289268  10  10  1  K
 0.000000000  2  2  3  C
 0.003895303  2  1  3  C
 0.073423580  2  2  3  C
 0.093095489  2  2  4  C
 0.168791371  2  3  4  C
 0.186045776  2  3  3  C
 0.207220508  2  3  4  C
 0.223947595  2  3  3  C
 0.266552738  2  3  4  C
 0.311332842  2  3  3  C
 0.323969818  2  3  2  C
 0.349158582  2  3  3  C
 0.372046109  2  3  2  C
 0.385929881  2  2  2  C
 0.414056384  2  1  2  C
 0.434094465  2  0  2  C
 0.481325743  2  0  3  C
 0.514772270  2  0  4  C
 0.537165956  2  0  5  C
 0.572040127  2  0  4  C
 0.608155486  2  0  5  C
 0.627651679  2  0  4  C
 0.647469449  2  0  5  C
 0.667519330  2  0  4  C
 0.695056950  2  14  4  C
 0.745933001  2  13  4  C
 0.773557356  2  14  4  C
 0.788412107  2  13  4  C
 0.827467359  2  14  4  C
 0.857278345  2  13  4  C
 0.891476738  2  14  4  C
 0.922438604  2  0  4  C
 0.970842947  2  1  4  C
 0.992759722  2  2  4  C
 1.008380801  2  3  4  C
 1.035992191  2  3  3  C
 1.067720854  2  3  4  C
 1.107732585  2  4  4  C
 1.133669834  2  4  3  C
 1.152583275  2  4  2  C
 1.186222478  2  4  3  C
 1.215312270  2  5  3  C
 1.260955504  2  5  4  C
 1.271883983  2  5  5  C
 1.307868927  2  5  4  C
 1.334068538  2  4  4  C
 1.379630982  2  3  4  C
 1.441447870  2  2  4  C
 1.483309115  2  2  3  C
 1.494948014  2  2  4  C
 1.526346930  2  2  3  C
 1.589125067  2  1  3  C
 1.629790010  2  1  2  C
 1.656488542  2  1  1  C
 1.698813453  2  1  0  C
 1.744494920  2  1  14  C
 1.765070505  2  1  13  C
 1.780168954  2  2  13  C
 1.812975266  2  3  13  C
 1.847489480  2  4  13  C
 1.871590283  2  3  13  C
 1.888832229  2  4  13  C
 1.926421670  2  5  13  C
 1.953582399  2  5  12  C
 1.987598858  2  6  12  C
 2.044112740  2  6  13  C
 0.000000000  14  0  8  O
 0.008091253  14  0  7  O
 0.048170528  14  14  7  O
 0.089361012  14  14  6  O
 0.126964180  14  0  6  O
 0.168510635  14  0  5  O
 0.186049262  14  1  5  O
 0.226679979  14  1  6  O
 0.244229008  14  2  6  O
 0.295075788  14  2  5  O
 0.323836865  14  3  5  O
 0.349183221  14  2  5  O
 0.413947076  14  2  6  O
 0.457727067  14  2  7  O
 0.494574842  14  3  7  O
 0.517078659  14  3  8  O
 0.555762298  14  4  8  O
 0.582192236  14  4  9  O
 0.597715246  14  3  9  O
 0.613014449  14  3  8  O
 0.628097209  14  2  8  O
 0.679484179  14  2  9  O
 0.712644689  14  3  9  O
 0.732280056  14  3  8  O
 0.762006213  14  3  7  O
 0.809993627  14  2  7  O
 0.821136175  14  2  8  O
 0.856752372  14  1  8  O
 0.899818392  14  0  8  O
 0.925427252  14  0  9  O
 0.936530764  14  1  9  O
 0.967883635  14  2  9  O
 1.012507367  14  1  9  O
 1.035879118  14  1  10  O
 1.064423121  14  2  10  O
 1.096782064  14  3  10  O
 1.138314748  14  2  10  O
 1.179278118  14  2  9  O
 1.207567157  14  2  8  O
 1.241744677  14  2  9  O
 1.258957880  14  3  9  O
 1.299219203  14  2  9  O
 1.354372730  14  2  8  O
 1.379519369  14  2  9  O
 1.392831800  14  3  9  O
 1.441457482  14  2  9  O
 1.463278119  14  3  9  O
 1.494455032  14  4  9  O
 1.551448247  14  5  9  O
 1.614297248  14  6  9  O
 1.644069872  14  5  9  O
 1.673540303  14  4  9  O
 1.720422240  14  4  10  O
 1.766400519  14  3  10  O
 1.811537164  14  3  9  O
 1.836821123  14  3  10  O
 1.888726804  14  3  9  O
 1.926441590  14  3  10  O
 1.967549492  14  4  10  O
 2.019149699  14  5  10  O
 2.058828392  14  4  10  O
 2.078308261  14  4  9  O
 2.121765143  14  4  8  O
 2.151332130  14  3  8  O
 2.206353731  14  4  8  O
 2.254571698  14  5  8  O
 2.293377459  14  5  9  O
 2.353925425  14  4  9  O
 2.405552070  14  3  9  O
 2.426594389  14  4  9  O
 2.479573201  14  4  10  O
