-1 15 15 15
0.000718 5 14 1 F
0.153967 5 14 1 f
0.002163 14 0 0 O
0.034027 14 0 1 O
0.157060 14 0 1 o
0.000714 4 1 0 E
0.015811 4 2 0 E
0.164819 4 2 0 e
0.002142 7 13 14 H
0.018239 7 13 0 H
0.037219 7 14 0 H
0.179446 7 14 0 h
0.000700 1 2 14 B
0.023117 1 3 14 B
0.055173 1 3 0 B
0.190007 1 3 0 b
0.002157 12 12 7 M
0.035947 12 12 6 M
0.070969 12 12 5 M
0.098301 12 11 5 M
0.122445 12 11 4 M
0.140996 12 10 4 M
0.151880 12 11 4 M
0.167815 12 12 4 M
0.197857 12 12 3 M
0.212765 12 11 3 M
0.230704 12 11 4 M
0.274954 12 11 3 M
0.297407 12 11 4 M
0.002116 6 12 14 G
0.032115 6 13 14 G
0.045791 6 14 14 G
0.093931 6 0 14 G
0.120376 6 1 14 G
0.157250 6 1 13 G
0.181436 6 1 12 G
0.321232 6 1 12 g
0.002149 9 2 11 J
0.053299 9 1 11 J
0.094026 9 0 11 J
0.119139 9 1 11 J
0.164782 9 1 10 J
0.204556 9 1 11 J
0.339694 9 1 11 j
0.002154 11 8 13 L
0.053382 11 8 12 L
0.069075 11 8 13 L
0.098188 11 8 14 L
0.119143 11 8 13 L
0.146090 11 7 13 L
0.187188 11 6 13 L
0.199689 11 6 12 L
0.248107 11 7 12 L
0.285244 11 7 13 L
0.328235 11 7 12 L
0.376741 11 6 12 L
0.000706 2 1 3 C
0.021236 2 1 2 C
0.038780 2 1 3 C
0.061850 2 0 3 C
0.073939 2 0 4 C
0.107915 2 0 5 C
0.136105 2 0 4 C
0.179443 2 1 4 C
0.204521 2 1 3 C
0.250109 2 1 2 C
0.288747 2 1 1 C
0.339679 2 1 2 C
0.368744 2 1 1 C
0.396147 2 2 1 C
0.526661 2 2 1 c
0.000710 3 10 5 D
0.021225 3 9 5 D
0.058023 3 10 5 D
0.087264 3 10 6 D
0.128716 3 11 6 D
0.157255 3 10 6 D
0.194347 3 10 5 D
0.223612 3 9 5 D
0.252063 3 9 4 D
0.302498 3 8 4 D
0.339588 3 7 4 D
0.383744 3 7 3 D
0.421167 3 8 3 D
0.434315 3 8 2 D
0.479174 3 8 3 D
0.524648 3 7 3 D
0.569934 3 6 3 D
0.602659 3 7 3 D
0.631080 3 7 2 D
0.655672 3 7 3 D
0.694516 3 8 3 D
0.829332 3 8 3 d
0.002146 8 6 5 I
0.030920 8 5 5 I
0.053324 8 6 5 I
0.096018 8 5 5 I
0.140989 8 6 5 I
0.153944 8 6 4 I
0.187180 8 5 4 I
0.223618 8 6 4 I
0.255159 8 6 5 I
0.302458 8 7 5 I
0.383750 8 7 4 I
0.396177 8 7 5 I
0.421058 8 7 6 I
0.465528 8 8 6 I
0.505843 8 8 5 I
0.544178 8 7 5 I
0.571142 8 8 5 I
0.596352 8 8 4 I
0.649653 8 8 3 I
0.694511 8 8 2 I
0.841757 8 8 2 i
0.002151 10 5 6 K
0.023122 10 6 6 K
0.053292 10 5 6 K
0.098194 10 6 6 K
0.148038 10 5 6 K
0.174945 10 5 7 K
0.197895 10 4 7 K
0.212771 10 4 6 K
0.262787 10 4 5 K
0.285213 10 5 5 K
0.297685 10 5 4 K
0.347462 10 5 3 K
0.380768 10 5 2 K
0.396141 10 5 3 K
0.418976 10 5 4 K
0.434179 10 5 5 K
0.458621 10 5 6 K
0.472445 10 4 6 K
0.498950 10 3 6 K
0.547452 10 2 6 K
0.562019 10 2 5 K
0.590922 10 2 6 K
0.604999 10 1 6 K
0.649171 10 1 7 K
0.683744 10 1 6 K
0.706061 10 0 6 K
0.756364 10 0 5 K
0.806018 10 1 5 K
0.830253 10 2 5 K
0.864264 10 2 6 K
0.900262 10 3 6 K
0.944635 10 4 6 K
0.963709 10 4 5 K
1.008634 10 3 5 K
1.033195 10 3 6 K
1.053469 10 3 5 K
1.065249 10 4 5 K
0.002160 13 7 13 N
0.041636 13 7 14 N
0.075815 13 6 14 N
0.092310 13 5 14 N
0.119108 13 6 14 N
0.148007 13 7 14 N
0.170007 13 8 14 N
0.209209 13 8 13 N
0.230700 13 8 12 N
0.248321 13 8 13 N
0.269237 13 9 13 N
0.302493 13 8 13 N
0.333378 13 8 14 N
0.368715 13 7 14 N
0.419131 13 8 14 N
0.450742 13 7 14 N
0.474510 13 6 14 N
0.524713 13 6 13 N
0.566813 13 6 14 N
0.582577 13 6 13 N
0.606968 13 7 13 N
0.655665 13 8 13 N
0.684119 13 7 13 N
0.706011 13 7 14 N
0.725798 13 6 14 N
0.760056 13 5 14 N
0.787086 13 6 14 N
0.809945 13 6 13 N
0.857735 13 6 14 N
0.887097 13 6 0 N
0.907178 13 6 14 N
0.922705 13 6 0 N
0.963301 13 5 0 N
1.005916 13 5 1 N
1.033073 13 6 1 N
1.071144 13 5 1 N
1.113048 13 6 1 N
0.000668 0 11 12 A
0.037224 0 11 13 A
0.087270 0 12 13 A
0.107926 0 11 13 A
0.122420 0 10 13 A
0.164817 0 9 13 A
0.181430 0 10 13 A
0.212800 0 11 13 A
0.254989 0 11 12 A
0.291714 0 11 13 A
0.335387 0 12 13 A
0.361954 0 12 12 A
0.383755 0 12 13 A
0.430075 0 12 12 A
0.479169 0 12 11 A
0.496940 0 13 11 A
0.532716 0 14 11 A
0.561344 0 13 11 A
0.602578 0 12 11 A
0.625569 0 13 11 A
0.665311 0 13 12 A
0.683737 0 14 12 A
0.725906 0 0 12 A
0.752173 0 0 13 A
0.771052 0 14 13 A
0.797681 0 14 12 A
0.821264 0 14 13 A
0.845661 0 14 14 A
0.876733 0 0 14 A
0.914761 0 0 0 A
0.944641 0 0 14 A
0.976795 0 14 14 A
1.016431 0 0 14 A
1.044920 0 0 0 A
1.168745 0 0 0 a
