-1 15 15 15
0.000233 7 13 14 H
0.016589 7 13 0 H
0.036132 7 14 0 H
0.184847 7 14 0 h
0.000230 6 12 14 G
0.030154 6 13 14 G
0.044813 6 13 0 G
0.184980 6 13 0 g
0.000227 5 14 1 F
0.052446 5 0 1 F
0.082274 5 14 1 F
0.211042 5 14 1 f
0.000241 8 6 5 I
0.028260 8 5 5 I
0.050613 8 6 5 I
0.066479 8 5 5 I
0.218841 8 5 5 i
0.000247 10 5 6 K
0.020240 10 6 6 K
0.050757 10 5 6 K
0.080138 10 6 6 K
0.091917 10 6 5 K
0.230187 10 6 5 k
0.000224 4 1 0 E
0.012487 4 2 0 E
0.056248 4 1 0 E
0.087173 4 0 0 E
0.232128 4 0 0 e
0.000250 11 8 13 L
0.050509 11 9 13 L
0.089891 11 9 14 L
0.118083 11 9 0 L
0.134443 11 8 0 L
0.185103 11 8 14 L
0.220552 11 8 13 L
0.233357 11 9 13 L
0.275308 11 9 12 L
0.323177 11 9 13 L
0.351230 11 9 12 L
0.366391 11 10 12 L
0.000252 12 12 7 M
0.034147 12 12 6 M
0.069398 12 12 5 M
0.087178 12 12 6 M
0.110166 12 12 5 M
0.153144 12 11 5 M
0.189523 12 11 4 M
0.235078 12 11 5 M
0.255942 12 10 5 M
0.293856 12 9 5 M
0.325124 12 9 4 M
0.355340 12 10 4 M
0.400188 12 9 4 M
0.000209 1 2 14 B
0.021364 1 3 14 B
0.050433 1 3 13 B
0.093999 1 3 12 B
0.132487 1 2 12 B
0.151509 1 3 12 B
0.168899 1 2 12 B
0.205422 1 2 11 B
0.255930 1 2 12 B
0.303094 1 1 12 B
0.339968 1 1 13 B
0.362195 1 0 13 B
0.411399 1 0 14 B
0.426483 1 14 14 B
0.478265 1 13 14 B
0.612683 1 13 14 b
0.000255 13 7 13 N
0.039962 13 7 14 N
0.063778 13 6 14 N
0.110327 13 5 14 N
0.151482 13 5 0 N
0.185085 13 5 1 N
0.228284 13 5 2 N
0.259849 13 5 1 N
0.275438 13 5 2 N
0.314428 13 5 1 N
0.362156 13 6 1 N
0.389106 13 6 0 N
0.416540 13 7 0 N
0.464987 13 7 14 N
0.506947 13 7 0 N
0.559309 13 7 1 N
0.612967 13 8 1 N
0.666449 13 8 2 N
0.690933 13 8 1 N
0.715121 13 8 2 N
0.743852 13 9 2 N
0.782707 13 8 2 N
0.819453 13 8 3 N
0.835462 13 9 3 N
0.860967 13 8 3 N
0.884637 13 8 2 N
0.906415 13 8 3 N
0.932346 13 9 3 N
1.060684 13 9 3 n
0.000218 2 1 3 C
0.018292 2 1 4 C
0.054447 2 2 4 C
0.088820 2 3 4 C
0.137516 2 2 4 C
0.187767 2 3 4 C
0.205330 2 2 4 C
0.222362 2 2 3 C
0.238952 2 2 2 C
0.275297 2 2 3 C
0.319275 2 2 4 C
0.355180 2 2 3 C
0.400116 2 1 3 C
0.426478 2 0 3 C
0.453925 2 14 3 C
0.499994 2 14 2 C
0.534412 2 14 3 C
0.586612 2 14 4 C
0.612960 2 14 5 C
0.640980 2 14 6 C
0.666443 2 14 5 C
0.701212 2 14 4 C
0.748988 2 0 4 C
0.794486 2 14 4 C
0.819279 2 14 5 C
0.835374 2 13 5 C
0.852945 2 13 6 C
0.884365 2 12 6 C
0.920474 2 11 6 C
0.964873 2 11 5 C
0.998472 2 11 6 C
1.029326 2 11 7 C
1.050993 2 10 7 C
1.092979 2 10 8 C
1.104285 2 10 9 C
1.134104 2 10 10 C
1.179506 2 11 10 C
1.193168 2 10 10 C
1.217830 2 9 10 C
1.261053 2 8 10 C
1.314954 2 8 11 C
1.334675 2 8 10 C
1.365237 2 8 9 C
1.383917 2 8 10 C
1.420238 2 8 11 C
1.464180 2 8 10 C
0.000221 3 10 5 D
0.018287 3 9 5 D
0.068334 3 10 5 D
0.084190 3 9 5 D
0.110307 3 9 4 D
0.122831 3 8 4 D
0.141580 3 8 3 D
0.154267 3 8 2 D
0.197282 3 8 1 D
0.218809 3 8 0 D
0.235231 3 8 14 D
0.275312 3 8 0 D
0.319307 3 7 0 D
0.364116 3 7 14 D
0.400121 3 8 14 D
0.440554 3 9 14 D
0.478566 3 8 14 D
0.506952 3 7 14 D
0.534276 3 7 13 D
0.559327 3 7 14 D
0.612994 3 7 13 D
0.640988 3 6 13 D
0.674867 3 5 13 D
0.701207 3 6 13 D
0.725769 3 6 14 D
0.758755 3 6 0 D
0.799818 3 7 0 D
0.827234 3 6 0 D
0.852902 3 6 14 D
0.884486 3 6 13 D
0.920653 3 6 12 D
0.948273 3 6 13 D
0.964831 3 5 13 D
1.009531 3 5 14 D
1.060826 3 5 13 D
1.108159 3 5 14 D
1.145330 3 5 0 D
1.175543 3 5 14 D
1.219779 3 5 0 D
1.260641 3 5 1 D
1.296606 3 5 0 D
1.336520 3 5 14 D
1.365274 3 4 14 D
1.391294 3 4 13 D
1.403817 3 4 14 D
1.438232 3 4 13 D
1.500619 3 5 13 D
1.554454 3 4 13 D
1.591753 3 5 13 D
1.647897 3 6 13 D
1.693908 3 7 13 D
0.000258 14 0 0 O
0.031217 14 0 1 O
0.052442 14 1 1 O
0.084052 14 1 2 O
0.111346 14 1 1 O
0.154295 14 1 0 O
0.191518 14 1 1 O
0.220643 14 2 1 O
0.275302 14 2 2 O
0.319280 14 3 2 O
0.348802 14 3 3 O
0.386173 14 3 4 O
0.438065 14 3 5 O
0.478231 14 4 5 O
0.504824 14 4 6 O
0.516851 14 4 7 O
0.586607 14 5 7 O
0.615902 14 4 7 O
0.666310 14 5 7 O
0.690714 14 4 7 O
0.716740 14 4 8 O
0.746903 14 4 9 O
0.766786 14 4 8 O
0.794480 14 4 9 O
0.819274 14 5 9 O
0.856885 14 5 10 O
0.883005 14 6 10 O
0.920661 14 7 10 O
0.932450 14 7 11 O
0.973014 14 8 11 O
0.986882 14 8 10 O
1.029364 14 9 10 O
1.060832 14 8 10 O
1.078953 14 8 9 O
1.094083 14 8 10 O
1.122750 14 7 10 O
1.139517 14 8 10 O
1.187975 14 7 10 O
1.221801 14 6 10 O
1.235652 14 6 11 O
1.296645 14 5 11 O
1.336516 14 6 11 O
1.383868 14 7 11 O
1.420154 14 7 12 O
1.474381 14 8 12 O
1.500615 14 7 12 O
1.528969 14 7 13 O
1.581193 14 8 13 O
1.630789 14 8 14 O
1.678306 14 9 14 O
1.720812 14 9 13 O
1.779587 14 9 14 O
1.790320 14 9 0 O
0.000244 9 2 11 J
0.048776 9 2 10 J
0.088851 9 1 10 J
0.111317 9 2 10 J
0.137496 9 3 10 J
0.168904 9 4 10 J
0.211263 9 5 10 J
0.255937 9 5 9 J
0.290203 9 5 10 J
0.335066 9 6 10 J
0.368182 9 6 11 J
0.386179 9 7 11 J
0.400055 9 7 10 J
0.450080 9 6 10 J
0.500000 9 6 11 J
0.514865 9 6 12 J
0.559315 9 6 11 J
0.586600 9 6 10 J
0.640984 9 5 10 J
0.690771 9 6 10 J
0.715578 9 7 10 J
0.748994 9 7 9 J
0.762765 9 8 9 J
0.780757 9 8 8 J
0.827270 9 7 8 J
0.868888 9 6 8 J
0.908594 9 7 8 J
0.956817 9 7 9 J
0.977809 9 7 8 J
1.009856 9 6 8 J
1.036030 9 6 9 J
1.050985 9 6 10 J
1.091295 9 5 10 J
1.139671 9 5 9 J
1.185553 9 4 9 J
1.225760 9 5 9 J
1.255581 9 5 10 J
1.273777 9 5 11 J
1.296641 9 5 12 J
1.336510 9 4 12 J
1.377392 9 3 12 J
1.405975 9 3 13 J
1.438237 9 3 14 J
1.474375 9 2 14 J
1.500609 9 1 14 J
1.528959 9 2 14 J
1.581203 9 3 14 J
1.607659 9 3 13 J
1.630833 9 3 14 J
1.649795 9 3 0 J
1.661659 9 3 14 J
1.686178 9 3 13 J
1.724770 9 4 13 J
1.752982 9 5 13 J
1.803700 9 6 13 J
1.920604 9 6 13 j
0.000204 0 11 12 A
0.036092 0 11 13 A
0.048770 0 10 13 A
0.089895 0 9 13 A
0.110330 0 9 12 A
0.124676 0 10 12 A
0.139314 0 11 12 A
0.170662 0 11 13 A
0.189466 0 11 12 A
0.236984 0 11 11 A
0.290269 0 12 11 A
0.333887 0 12 10 A
0.386051 0 13 10 A
0.426748 0 13 9 A
0.450226 0 13 8 A
0.488423 0 12 8 A
0.534284 0 12 7 A
0.559303 0 11 7 A
0.612999 0 12 7 A
0.640971 0 13 7 A
0.672828 0 13 6 A
0.721655 0 13 7 A
0.749056 0 13 8 A
0.776848 0 12 8 A
0.819458 0 12 7 A
0.832145 0 13 7 A
0.847873 0 13 8 A
0.870959 0 13 9 A
0.904479 0 13 8 A
0.948278 0 14 8 A
0.970890 0 14 7 A
1.009863 0 0 7 A
1.035939 0 0 6 A
1.060839 0 1 6 A
1.094077 0 0 6 A
1.141495 0 1 6 A
1.162008 0 1 5 A
1.181176 0 1 6 A
1.199664 0 0 6 A
1.211804 0 0 5 A
1.237794 0 0 6 A
1.283958 0 0 5 A
1.296600 0 1 5 A
1.332875 0 1 6 A
1.365279 0 2 6 A
1.405750 0 1 6 A
1.453653 0 1 7 A
1.474062 0 0 7 A
1.528965 0 0 8 A
1.581199 0 14 8 A
1.630828 0 14 7 A
1.678300 0 14 8 A
1.710742 0 14 7 A
1.736850 0 0 7 A
1.779593 0 0 8 A
1.819471 0 1 8 A
1.854809 0 1 7 A
1.868160 0 1 6 A
1.891242 0 1 7 A
1.932460 0 1 6 A
2.003271 0 2 6 A
2.061295 0 2 5 A
2.102589 0 2 4 A
2.149327 0 3 4 A
2.167237 0 3 3 A
2.219810 0 3 4 A
2.243351 0 3 3 A
2.276834 0 3 2 A
2.295329 0 4 2 A
2.332217 0 3 2 A
2.417382 0 3 1 A
2.483724 0 3 0 A
2.519548 0 3 1 A
2.567186 0 4 1 A
2.632231 0 5 1 A
2.706740 0 6 1 A
2.750205 0 7 1 A
2.770549 0 6 1 A
2.838011 0 6 0 A
2.879385 0 6 1 A
2.920030 0 6 2 A
2.949404 0 5 2 A
2.995828 0 5 1 A
3.022356 0 6 1 A
3.068812 0 6 0 A
3.086438 0 7 0 A
3.120588 0 8 0 A
3.153331 0 7 0 A
3.182774 0 7 1 A
3.231916 0 8 1 A
3.283387 0 8 0 A
3.338052 0 8 14 A
3.384354 0 8 13 A
3.410190 0 8 14 A
