-1 15 15 15
0.000252 12 12 7 M
0.049272 12 12 8 M
0.099777 12 11 8 M
0.135915 12 11 7 M
0.179011 12 10 7 M
0.257808 12 10 6 M
0.298010 12 9 6 M
0.337755 12 9 7 M
0.364272 12 10 7 M
0.383924 12 10 6 M
0.402401 12 9 6 M
0.450621 12 8 6 M
0.474873 12 7 6 M
0.000249 11 8 13 L
0.083007 11 8 12 L
0.127168 11 8 11 L
0.179251 11 9 11 L
0.257352 11 9 10 L
0.298115 11 9 11 L
0.364268 11 8 11 L
0.381960 11 9 11 L
0.420829 11 9 10 L
0.447200 11 10 10 L
0.474902 11 10 9 L
0.546850 11 10 10 L
0.000257 14 0 0 O
0.049264 14 0 14 O
0.083001 14 14 14 O
0.125170 14 14 13 O
0.179353 14 14 12 O
0.257641 14 14 11 O
0.298051 14 13 11 O
0.330027 14 13 12 O
0.364299 14 13 11 O
0.413424 14 12 11 O
0.447086 14 12 12 O
0.485194 14 11 12 O
0.710048 14 11 12 o
0.000196 0 11 12 A
0.049275 0 11 13 A
0.083031 0 10 13 A
0.114946 0 9 13 A
0.179017 0 10 13 A
0.257649 0 10 12 A
0.308893 0 10 11 A
0.353576 0 11 11 A
0.381966 0 10 11 A
0.411539 0 10 12 A
0.447217 0 10 13 A
0.474918 0 11 13 A
0.710222 0 11 13 a
0.000205 2 1 3 C
0.018968 2 0 3 C
0.049471 2 14 3 C
0.099594 2 14 2 C
0.116470 2 0 2 C
0.179022 2 14 2 C
0.257632 2 14 1 C
0.308867 2 14 2 C
0.337746 2 14 1 C
0.381971 2 13 1 C
0.447110 2 13 2 C
0.546771 2 13 1 C
0.639125 2 13 2 C
0.817003 2 13 2 c
0.000241 8 6 5 I
0.027805 8 6 4 I
0.083062 8 5 4 I
0.123021 8 5 3 I
0.137794 8 5 4 I
0.152690 8 4 4 I
0.179247 8 3 4 I
0.257363 8 2 4 I
0.298063 8 1 4 I
0.337739 8 1 3 I
0.369522 8 1 2 I
0.413418 8 1 3 I
0.447133 8 1 2 I
0.474625 8 1 1 I
0.547166 8 0 1 I
0.580725 8 14 1 I
0.639234 8 14 2 I
0.817215 8 14 2 i
0.000211 4 1 0 E
0.049268 4 0 0 E
0.086989 4 1 0 E
0.101324 4 2 0 E
0.128643 4 2 14 E
0.179255 4 2 0 E
0.257359 4 2 14 E
0.298079 4 2 13 E
0.310790 4 1 13 E
0.364260 4 1 14 E
0.396734 4 0 14 E
0.447316 4 0 0 E
0.546820 4 14 0 E
0.580459 4 0 0 E
0.639180 4 14 0 E
0.710411 4 14 1 E
0.741854 4 14 0 E
0.782946 4 14 1 E
0.933256 4 14 1 e
0.000254 13 7 13 N
0.049279 13 7 14 N
0.085582 13 6 14 N
0.135911 13 7 14 N
0.179026 13 8 14 N
0.257766 13 8 13 N
0.298047 13 8 12 N
0.310797 13 8 11 N
0.364265 13 8 12 N
0.411517 13 7 12 N
0.474630 13 7 13 N
0.546825 13 7 12 N
0.639129 13 6 12 N
0.710333 13 7 12 N
0.727212 13 7 13 N
0.766220 13 8 13 N
0.780943 13 8 14 N
0.802199 13 9 14 N
0.851912 13 10 14 N
0.891496 13 10 13 N
1.017648 13 10 13 n
0.000246 10 5 6 K
0.021741 10 4 6 K
0.083023 10 5 6 K
0.112680 10 4 6 K
0.135937 10 4 5 K
0.179226 10 3 5 K
0.257645 10 2 5 K
0.298043 10 1 5 K
0.319533 10 1 6 K
0.355429 10 2 6 K
0.386621 10 2 7 K
0.447102 10 2 6 K
0.474914 10 1 6 K
0.546811 10 1 5 K
0.639121 10 2 5 K
0.710045 10 2 4 K
0.722224 10 1 4 K
0.747471 10 1 5 K
0.773369 10 2 5 K
0.793784 10 1 5 K
0.805527 10 2 5 K
0.851978 10 2 4 K
0.867421 10 2 3 K
0.891490 10 1 3 K
0.922072 10 0 3 K
0.944740 10 14 3 K
0.967442 10 14 4 K
1.017642 10 14 5 K
1.045678 10 14 4 K
1.062617 10 13 4 K
1.094921 10 13 5 K
1.146627 10 13 4 K
1.174413 10 14 4 K
1.198959 10 13 4 K
1.245504 10 13 3 K
1.266844 10 13 4 K
1.296155 10 12 4 K
0.000214 5 14 1 F
0.049255 5 13 1 F
0.083016 5 13 2 F
0.116486 5 14 2 F
0.141789 5 13 2 F
0.257637 5 13 3 F
0.298058 5 13 2 F
0.328886 5 12 2 F
0.379914 5 11 2 F
0.402667 5 11 3 F
0.419156 5 12 3 F
0.447097 5 12 4 F
0.546776 5 11 4 F
0.580520 5 12 4 F
0.639116 5 12 5 F
0.710402 5 12 6 F
0.732417 5 13 6 F
0.770808 5 13 7 F
0.817255 5 13 8 F
0.834570 5 13 9 F
0.865343 5 13 10 F
0.904194 5 13 9 F
0.955166 5 13 10 F
1.017646 5 13 9 F
1.039976 5 12 9 F
1.081240 5 12 10 F
1.117288 5 12 11 F
1.161558 5 11 11 F
1.300716 5 11 11 f
0.000202 1 2 14 B
0.021735 1 1 14 B
0.083011 1 1 13 B
0.127164 1 1 12 B
0.179241 1 1 11 B
0.257367 1 1 10 B
0.309118 1 2 10 B
0.352225 1 1 10 B
0.364341 1 1 11 B
0.386843 1 2 11 B
0.447128 1 2 12 B
0.546830 1 3 12 B
0.580414 1 4 12 B
0.639169 1 3 12 B
0.710392 1 2 12 B
0.727206 1 1 12 B
0.766185 1 1 11 B
0.791881 1 1 10 B
0.806890 1 0 10 B
0.830252 1 1 10 B
0.876711 1 2 10 B
0.904382 1 2 11 B
0.922115 1 1 11 B
0.942825 1 1 12 B
0.983416 1 0 12 B
1.033393 1 0 11 B
1.062569 1 1 11 B
1.117313 1 1 12 B
1.153658 1 1 11 B
1.198965 1 2 11 B
1.215258 1 2 10 B
1.262490 1 3 10 B
1.286567 1 3 9 B
1.321444 1 4 9 B
1.351869 1 5 9 B
0.000220 7 13 14 H
0.018949 7 13 13 H
0.083027 7 14 13 H
0.117780 7 0 13 H
0.179237 7 0 14 H
0.257803 7 1 14 H
0.298054 7 1 0 H
0.343884 7 1 14 H
0.364255 7 2 14 H
0.400907 7 3 14 H
0.447106 7 3 13 H
0.474909 7 3 12 H
0.546829 7 3 13 H
0.580454 7 3 14 H
0.639176 7 2 14 H
0.710328 7 1 14 H
0.754831 7 0 14 H
0.799252 7 0 0 H
0.832829 7 0 14 H
0.851989 7 0 13 H
0.904377 7 1 13 H
0.917902 7 0 13 H
0.954995 7 1 13 H
0.985441 7 0 13 H
1.017772 7 14 13 H
1.056590 7 13 13 H
1.081235 7 13 12 H
1.094510 7 13 13 H
1.143144 7 13 12 H
1.172723 7 13 13 H
1.198923 7 14 13 H
1.245430 7 14 14 H
1.258169 7 0 14 H
1.296150 7 1 14 H
1.332992 7 1 13 H
1.351819 7 1 12 H
1.404983 7 1 11 H
1.440825 7 1 10 H
1.456982 7 0 10 H
1.488970 7 1 10 H
1.512026 7 1 9 H
1.537024 7 2 9 H
1.584923 7 3 9 H
1.630131 7 2 9 H
1.792078 7 2 9 h
0.000217 6 12 14 G
0.049259 6 13 14 G
0.099768 6 13 0 G
0.141770 6 14 0 G
0.179230 6 0 0 G
0.257652 6 1 0 G
0.297999 6 1 1 G
0.310785 6 0 1 G
0.341624 6 0 2 G
0.353740 6 14 2 G
0.400684 6 14 1 G
0.447141 6 14 0 G
0.546817 6 14 14 G
0.639133 6 0 14 G
0.710414 6 0 0 G
0.736645 6 0 1 G
0.773361 6 0 2 G
0.789930 6 0 3 G
0.828300 6 1 3 G
0.851906 6 0 3 G
0.876705 6 0 2 G
0.891767 6 1 2 G
0.942819 6 0 2 G
1.017777 6 0 3 G
1.040016 6 1 3 G
1.087838 6 0 3 G
1.143507 6 1 3 G
1.161510 6 1 2 G
1.209612 6 1 3 G
1.258176 6 1 2 G
1.296461 6 1 3 G
1.335291 6 1 4 G
1.387764 6 0 4 G
1.423487 6 0 5 G
1.440815 6 1 5 G
1.488833 6 2 5 G
1.501346 6 1 5 G
1.529364 6 1 4 G
1.563994 6 1 3 G
1.605790 6 1 4 G
1.627984 6 0 4 G
1.643723 6 0 3 G
1.686121 6 14 3 G
1.811985 6 14 3 g
0.000208 3 10 5 D
0.018925 3 11 5 D
0.029560 3 10 5 D
0.083020 3 10 6 D
0.116267 3 10 7 D
0.137738 3 10 8 D
0.257812 3 10 7 D
0.308863 3 11 7 D
0.328847 3 12 7 D
0.355423 3 12 6 D
0.386867 3 11 6 D
0.447115 3 10 6 D
0.546766 3 10 7 D
0.580420 3 11 7 D
0.639173 3 10 7 D
0.710398 3 11 7 D
0.736541 3 10 7 D
0.754606 3 11 7 D
0.802157 3 10 7 D
0.828463 3 10 6 D
0.851986 3 11 6 D
0.865936 3 11 7 D
0.891762 3 10 7 D
0.933253 3 10 6 D
0.967436 3 10 7 D
0.983593 3 10 8 D
1.017637 3 11 8 D
1.064224 3 12 8 D
1.117304 3 12 7 D
1.172544 3 12 8 D
1.198988 3 12 7 D
1.215265 3 12 8 D
1.233955 3 13 8 D
1.275951 3 14 8 D
1.321439 3 14 7 D
1.352272 3 14 8 D
1.367295 3 0 8 D
1.387760 3 1 8 D
1.423587 3 1 9 D
1.473037 3 0 9 D
1.537029 3 1 9 D
1.584928 3 1 10 D
1.618177 3 1 9 D
1.643611 3 1 8 D
1.675111 3 2 8 D
1.821580 3 2 8 d
0.000244 9 2 11 J
0.049283 9 3 11 J
0.099860 9 2 11 J
0.127215 9 2 10 J
0.139911 9 1 10 J
0.179234 9 2 10 J
0.257773 9 2 9 J
0.298005 9 2 10 J
0.308856 9 2 9 J
0.337751 9 3 9 J
0.379921 9 3 10 J
0.392610 9 3 9 J
0.447137 9 3 10 J
0.476445 9 2 10 J
0.546781 9 1 10 J
0.580513 9 1 9 J
0.639137 9 0 9 J
0.710407 9 0 8 J
0.741848 9 0 7 J
0.766225 9 1 7 J
0.791970 9 1 6 J
0.817249 9 2 6 J
0.851982 9 2 5 J
0.891757 9 1 5 J
0.916624 9 0 5 J
0.957107 9 0 6 J
1.017781 9 0 7 J
1.043384 9 0 6 J
1.069196 9 0 7 J
1.117372 9 0 8 J
1.143513 9 0 9 J
1.198984 9 1 9 J
1.247787 9 1 10 J
1.282324 9 2 10 J
1.321394 9 2 11 J
1.332994 9 2 10 J
1.354370 9 1 10 J
1.387671 9 0 10 J
1.440820 9 14 10 J
1.467296 9 13 10 J
1.488874 9 13 9 J
1.529288 9 12 9 J
1.584934 9 13 9 J
1.628109 9 12 9 J
1.678692 9 12 8 J
1.710882 9 12 9 J
1.725551 9 12 8 J
1.792305 9 13 8 J
1.841113 9 12 8 J
1.901340 9 12 9 J
1.921774 9 12 8 J
1.939095 9 12 7 J
2.005333 9 12 6 J
2.031103 9 13 6 J
2.080721 9 14 6 J
2.134284 9 13 6 J
2.183227 9 13 7 J
2.225207 9 13 6 J
2.285007 9 13 5 J
2.301560 9 13 6 J
2.338763 9 13 7 J
2.368392 9 13 8 J
2.414651 9 12 8 J
2.440329 9 12 7 J
2.466412 9 12 8 J
2.521943 9 13 8 J
2.544971 9 12 8 J
2.583147 9 13 8 J
2.625857 9 12 8 J
2.706994 9 12 7 J
2.751634 9 12 8 J
2.792185 9 12 9 J
2.821832 9 12 10 J
2.865474 9 12 9 J
2.900921 9 13 9 J
2.943829 9 13 10 J
2.977958 9 14 10 J
3.017785 9 0 10 J
3.034767 9 1 10 J
3.049795 9 2 10 J
3.084711 9 1 10 J
3.111022 9 0 10 J
3.141334 9 1 10 J
3.161071 9 1 9 J
3.341600 9 1 9 j
