-1 25 15 15
0.016999568 2 8 10 C
0.027567168 2 8 9 C
0.041375127 2 7 9 C
0.074240787 2 7 9 c
0.037608672 13 7 13 N
0.076089821 13 7 13 n
0.031768512 6 6 14 G
0.056336570 6 7 14 G
0.094858240 6 8 14 G
0.107622786 6 7 14 G
0.121818794 6 7 14 g
0.034077639 9 1 7 J
0.057421042 9 1 6 J
0.095196170 9 2 6 J
0.141662051 9 2 6 j
0.018156101 12 3 1 M
0.066750704 12 3 0 M
0.099731296 12 3 1 M
0.141722707 12 3 1 m
0.046001807 3 2 3 D
0.089755338 3 2 2 D
0.128175720 3 2 1 D
0.167716350 3 2 1 d
0.031779325 7 9 13 H
0.079892771 7 9 12 H
0.128164325 7 8 12 H
0.167866430 7 8 12 h
0.034066002 0 3 10 A
0.061392048 0 3 9 A
0.099716530 0 2 9 A
0.123288459 0 2 8 A
0.138645496 0 2 7 A
0.183116704 0 2 7 a
0.052262810 1 7 8 B
0.089834568 1 6 8 B
0.111395160 1 6 7 B
0.154619492 1 7 7 B
0.203579019 1 7 8 B
0.225459049 1 6 8 B
0.252280882 1 7 8 B
0.284484171 1 7 8 b
0.025117342 11 4 12 L
0.069141681 11 5 12 L
0.091051300 11 6 12 L
0.106213290 11 6 11 L
0.135078963 11 6 12 L
0.167857794 11 7 12 L
0.214719269 11 6 12 L
0.252289698 11 6 13 L
0.287042359 11 5 13 L
0.332851602 11 4 13 L
0.369571931 11 5 13 L
0.398782656 11 5 14 L
0.434859578 11 4 14 L
0.477690767 11 4 13 L
0.488922153 11 5 13 L
0.517705408 11 6 13 L
0.562681788 11 6 13 l
0.041160920 10 4 2 K
0.084091529 10 5 2 K
0.133870894 10 6 2 K
0.175102342 10 5 2 K
0.212976652 10 6 2 K
0.253736553 10 6 1 K
0.288351227 10 7 1 K
0.337887447 10 8 1 K
0.354683017 10 8 0 K
0.403058655 10 9 0 K
0.426101514 10 10 0 K
0.449404142 10 10 1 K
0.477715583 10 10 0 K
0.528209049 10 9 0 K
0.578585767 10 9 14 K
0.606830467 10 8 14 K
0.622447946 10 8 13 K
0.654829670 10 8 13 k
0.018199735 4 12 3 E
0.034109539 4 12 2 E
0.084017329 4 13 2 E
0.122003543 4 13 1 E
0.155928475 4 13 2 E
0.188922656 4 13 3 E
0.240466139 4 13 2 E
0.276665879 4 13 3 E
0.290844866 4 13 2 E
0.339056690 4 13 1 E
0.388964364 4 13 0 E
0.415701713 4 13 1 E
0.457755686 4 13 0 E
0.470423143 4 13 14 E
0.519439570 4 13 13 E
0.556751865 4 12 13 E
0.578625416 4 12 14 E
0.627522741 4 11 14 E
0.655349714 4 10 14 E
0.698803036 4 10 0 E
0.711823060 4 11 0 E
0.723851262 4 11 0 e
0.054082121 14 0 8 O
0.091032973 14 0 9 O
0.141714476 14 0 10 O
0.157482319 14 14 10 O
0.189425433 14 0 10 O
0.212457420 14 0 11 O
0.253816480 14 0 10 O
0.302384208 14 0 9 O
0.352373506 14 0 10 O
0.363673160 14 1 10 O
0.406707705 14 2 10 O
0.444003694 14 3 10 O
0.469146937 14 3 11 O
0.483183656 14 2 11 O
0.519448663 14 3 11 O
0.552992611 14 3 12 O
0.586986638 14 2 12 O
0.619405489 14 2 13 O
0.642404522 14 1 13 O
0.687679503 14 0 13 O
0.722636741 14 14 13 O
0.737063430 14 13 13 O
0.752194535 14 13 13 o
0.040049221 8 12 12 I
0.066788002 8 13 12 I
0.116642366 8 14 12 I
0.133860902 8 13 12 I
0.176367956 8 12 12 I
0.211868170 8 13 12 I
0.250658875 8 12 12 I
0.288360618 8 12 13 I
0.334117872 8 13 13 I
0.372338768 8 14 13 I
0.398850866 8 14 12 I
0.438189146 8 0 12 I
0.478699270 8 0 13 I
0.498649070 8 0 14 I
0.519505195 8 14 14 I
0.561447471 8 14 0 I
0.609728638 8 13 0 I
0.629724227 8 13 14 I
0.678576112 8 12 14 I
0.714604414 8 12 0 I
0.742868184 8 12 1 I
0.757502687 8 11 1 I
0.769040913 8 10 1 I
0.785803953 8 10 0 I
0.816604329 8 10 0 i
0.037643978 5 0 12 F
0.069157120 5 1 12 F
0.114436899 5 1 11 F
0.158154142 5 2 11 F
0.175017752 5 1 11 F
0.203622941 5 2 11 F
0.240452863 5 2 12 F
0.252261266 5 1 12 F
0.267300935 5 1 13 F
0.310839957 5 1 14 F
0.336704242 5 2 14 F
0.357709238 5 1 14 F
0.383468111 5 1 13 F
0.432896833 5 1 12 F
0.461241521 5 2 12 F
0.473817353 5 2 13 F
0.504170452 5 2 14 F
0.542377581 5 1 14 F
0.571222041 5 1 0 F
0.615747448 5 1 14 F
0.654820396 5 0 14 F
0.702720706 5 14 14 F
0.734591517 5 13 14 F
0.778919310 5 12 14 F
0.804629599 5 12 0 F
0.850346663 5 13 0 F
0.896869857 5 13 1 F
0.913034772 5 13 0 F
0.961132889 5 14 0 F
0.989631112 5 14 1 F
1.031725272 5 14 0 F
1.060885359 5 14 14 F
1.089649727 5 0 14 F
1.115619798 5 0 0 F
1.165692501 5 14 0 F
1.210231641 5 14 14 F
1.248708911 5 0 14 F
1.261873954 5 1 14 F
1.279190104 5 2 14 F
1.326021927 5 1 14 F
1.372713806 5 0 14 F
1.397967846 5 14 14 F
1.414537704 5 13 14 F
1.440842403 5 13 0 F
1.453695202 5 13 14 F
1.453697310 5 13 14 f
0.004342935 18 4 9 8
0.511994482 18 -1 -1 8
0.572471687 18 2 0 8
1.072909366 18 -1 -1 8
1.288647211 18 9 7 8
0.003531698 24 10 11 4
0.511980304 24 -1 -1 4
0.724194577 24 5 3 4
1.230092379 24 -1 -1 4
1.291605564 24 0 6 4
0.004439280 19 9 5 9
0.512054774 19 -1 -1 9
0.522367725 19 0 6 9
1.026678769 19 -1 -1 9
1.089754807 19 5 8 9
0.004067880 15 7 10 5
0.510736842 15 -1 -1 5
0.521428970 15 6 4 5
1.026692800 15 -1 -1 5
1.037764184 15 11 4 5
0.004538169 21 6 9 1
0.512064468 21 -1 -1 1
0.522315901 21 5 8 1
1.026669327 21 -1 -1 1
1.037733997 21 3 7 1
0.004291721 20 7 9 0
0.511987262 20 -1 -1 0
0.522345597 20 14 0 0
1.026685921 20 -1 -1 0
1.141636088 20 9 2 0
0.004692133 17 1 8 7
0.512001181 17 -1 -1 7
0.522356899 17 11 4 7
1.026699967 17 -1 -1 7
1.037814696 17 13 6 7
0.004592048 23 8 3 3
0.512008056 23 -1 -1 3
0.572444273 23 5 4 3
1.072892355 23 -1 -1 3
1.084655891 23 3 13 3
0.004100690 16 1 5 6
0.511960878 16 -1 -1 6
0.572457312 16 11 3 6
1.072900188 16 -1 -1 6
1.084665358 16 7 4 6
0.004498077 22 13 10 2
0.511970775 22 -1 -1 2
0.522332247 22 13 8 2
1.026628954 22 -1 -1 2
1.142841207 22 8 11 2
0.561443117 20 0 0 0
0.003130110 9 0 7 J
0.003309842 14 0 9 O
0.002716200 5 0 13 F
0.002688780 3 1 3 D
0.002664714 0 3 11 A
0.003296337 12 4 1 M
0.003136504 10 4 3 K
0.003144920 11 4 13 L
0.089831616 20 5 8 0
0.003303609 13 6 13 N
0.052259230 20 6 8 0
0.002675127 1 7 7 B
0.041310933 20 7 8 0
0.002722536 6 7 14 G
0.002682613 2 8 9 C
0.002729413 7 10 13 H
0.002709502 4 12 2 E
0.002811175 8 13 12 I
