-1 35 15 15
0.019183157 9 11 11 j
0.031808567 10 1 3 K
0.046622121 10 0 3 K
0.066393992 10 0 3 k
0.053737710 2 9 7 C
0.097703374 2 9 7 c
0.039792294 1 14 3 B
0.060125629 1 14 4 B
0.101608276 1 -1 -1 b
0.030107912 4 7 8 E
0.074320636 4 8 8 E
0.093859739 4 8 7 E
0.134796754 4 8 7 e
0.024073764 3 0 7 D
0.072434808 3 0 6 D
0.121204979 3 14 6 D
0.146905847 3 14 6 d
0.021223777 13 11 4 N
0.058117649 13 12 4 N
0.086064129 13 13 4 N
0.134786534 13 14 4 N
0.152107317 13 14 4 n
0.031973477 6 1 2 G
0.066064387 6 1 3 G
0.087187088 6 2 3 G
0.110872677 6 1 3 G
0.152142250 6 1 3 g
0.037768114 5 12 2 F
0.072577836 5 13 2 F
0.105742777 5 14 2 F
0.133220788 5 14 3 F
0.156950142 5 14 3 f
0.026385298 11 4 6 L
0.066175215 11 4 5 L
0.084089764 11 3 5 L
0.129386139 11 4 5 L
0.170881943 11 3 5 L
0.184160728 11 4 5 L
0.221318528 11 -1 -1 l
0.039808060 7 10 4 H
0.079350672 7 11 4 H
0.121191195 7 11 3 H
0.148160844 7 10 3 H
0.179385827 7 9 3 H
0.203680906 7 8 3 H
0.218662069 7 8 4 H
0.257399452 7 9 4 H
0.296934905 7 8 4 H
0.317364739 7 8 5 H
0.379354693 7 -1 -1 h
0.037800800 0 6 1 A
0.055404132 0 6 2 A
0.081333310 0 5 2 A
0.122939384 0 6 2 A
0.152098635 0 6 3 A
0.191979735 0 5 3 A
0.240797849 0 6 3 A
0.261287936 0 6 2 A
0.294901267 0 6 1 A
0.342091174 0 5 1 A
0.388263916 0 5 2 A
0.407697142 0 5 3 A
0.407699076 0 5 3 a
0.016295307 8 12 11 I
0.044591351 8 11 11 I
0.093871710 8 11 10 I
0.134909564 8 11 9 I
0.172672495 8 12 9 I
0.223310836 8 11 9 I
0.255513976 8 12 9 I
0.268538064 8 12 8 I
0.302844604 8 12 9 I
0.317381493 8 12 10 I
0.333974807 8 11 10 I
0.379270446 8 11 9 I
0.394090334 8 12 9 I
0.434048549 8 12 10 I
0.458740151 8 11 10 I
0.485781059 8 11 11 I
0.522846477 8 11 12 I
0.562001403 8 11 13 I
0.600224746 8 11 14 I
0.636114652 8 11 0 I
0.675222845 8 12 0 I
0.720230719 8 12 14 I
0.749083018 8 12 13 I
0.777668212 8 12 14 I
0.789821568 8 13 14 I
0.833357250 8 13 13 I
0.864789198 8 14 13 I
0.880257967 8 14 12 I
0.890983706 8 14 13 I
0.914776591 8 0 13 I
0.914779860 8 0 13 i
0.029977750 12 11 13 M
0.072390765 12 11 12 M
0.091031517 12 11 13 M
0.124756029 12 10 13 M
0.137182780 12 9 13 M
0.181229389 12 9 12 M
0.225166391 12 9 13 M
0.240719691 12 10 13 M
0.259265947 12 11 13 M
0.304635326 12 12 13 M
0.317469027 12 11 13 M
0.353523627 12 11 14 M
0.380376701 12 10 14 M
0.429330782 12 9 14 M
0.468179887 12 9 0 M
0.498572900 12 9 14 M
0.541863935 12 8 14 M
0.578702386 12 7 14 M
0.600046936 12 7 13 M
0.636149897 12 7 12 M
0.673259564 12 8 12 M
0.708730120 12 9 12 M
0.728888001 12 9 11 M
0.761151254 12 9 12 M
0.778821568 12 9 11 M
0.823571850 12 10 11 M
0.868576629 12 11 11 M
0.908730085 12 10 11 M
0.922199873 12 10 12 M
0.934933089 12 10 13 M
0.966283464 12 10 12 M
1.004181747 12 10 13 M
1.047506043 12 10 12 M
1.087128580 12 10 11 M
1.097853656 12 9 11 M
1.135905895 12 9 10 M
1.176983813 12 8 10 M
1.201433328 12 8 11 M
1.242409950 12 8 10 M
1.255074024 12 7 10 M
1.297151447 12 7 9 M
1.309693218 12 8 9 M
1.309695854 12 8 9 m
0.027907881 14 9 9 O
0.075439359 14 10 9 O
0.124158369 14 10 10 O
0.162485498 14 11 10 O
0.207664477 14 12 10 O
0.255541437 14 12 11 O
0.287039814 14 13 11 O
0.330063391 14 13 10 O
0.368627980 14 14 10 O
0.388247144 14 13 10 O
0.428243886 14 14 10 O
0.444778687 14 13 10 O
0.491772350 14 13 11 O
0.533753869 14 12 11 O
0.562064133 14 13 11 O
0.576649143 14 13 12 O
0.615907873 14 13 13 O
0.656797598 14 12 13 O
0.669554416 14 12 14 O
0.686938918 14 13 14 O
0.715216738 14 13 13 O
0.732823724 14 13 14 O
0.774717119 14 13 13 O
0.803134742 14 13 12 O
0.846086753 14 13 11 O
0.872421009 14 13 12 O
0.919243480 14 13 11 O
0.940680752 14 14 11 O
0.961278448 14 14 10 O
0.995380597 14 14 9 O
1.034474253 14 14 10 O
1.061947359 14 14 11 O
1.106778712 14 13 11 O
1.127154318 14 13 10 O
1.158385111 14 13 9 O
1.178906713 14 14 9 O
1.214048053 14 14 10 O
1.238435738 14 13 10 O
1.284307627 14 13 9 O
1.310165034 14 13 10 O
1.338269368 14 14 10 O
1.364377236 14 14 9 O
1.403526179 14 13 9 O
1.416216216 14 14 9 O
1.463909488 14 14 8 O
1.509744628 14 0 8 O
1.538317982 14 1 8 O
1.567446749 14 1 9 O
1.609367573 14 1 10 O
1.624925552 14 0 10 O
1.671701693 14 0 11 O
1.686426692 14 14 11 O
1.707990584 14 14 12 O
1.740172098 14 0 12 O
1.777284003 14 1 12 O
1.811587775 14 1 11 O
1.854527791 14 2 11 O
1.886463917 14 -1 -1 o
0.003674316 23 1 14 3
0.509367645 23 -1 -1 3
0.520954381 23 1 12 3
1.024797759 23 -1 -1 3
1.087110012 23 5 4 3
1.594676181 23 -1 -1 3
1.657155339 23 4 11 3
0.003924744 16 9 7 6
0.509443114 16 -1 -1 6
0.521210583 16 3 10 6
1.024808780 16 -1 -1 6
1.087169412 16 0 2 6
1.594740838 16 -1 -1 6
1.657192282 16 6 12 6
0.003888709 15 9 10 5
0.509402060 15 -1 -1 5
0.520996287 15 2 8 5
1.024787140 15 -1 -1 5
1.036582302 15 6 0 5
1.538328291 15 -1 -1 5
1.702002125 15 3 13 5
0.055554261 18 9 1 8
0.563977803 18 -1 -1 8
0.626730379 18 10 1 8
1.133974733 18 -1 -1 8
1.144822863 18 10 2 8
1.652282011 18 -1 -1 8
1.867041768 18 3 14 8
0.004009552 20 3 3 0
0.509410649 20 -1 -1 0
0.571835080 20 14 14 0
1.080455334 20 -1 -1 0
1.091009263 20 11 7 0
1.594750078 20 -1 -1 0
1.606402615 20 3 1 0
0.003959523 17 3 6 7
0.509393840 17 -1 -1 7
0.520985501 17 1 4 7
1.024806409 17 -1 -1 7
1.036451595 17 4 0 7
1.538184265 17 -1 -1 7
1.549011139 17 14 7 7
0.003708423 24 0 4 4
0.509377155 24 -1 -1 4
0.520965919 24 0 11 4
1.024819602 24 -1 -1 4
1.087137027 24 3 3 4
1.594733869 24 -1 -1 4
1.606441486 24 7 6 4
0.003626303 21 2 0 1
0.509289644 21 -1 -1 1
0.520941357 21 13 6 1
1.024822988 21 -1 -1 1
1.087183088 21 5 13 1
1.594725646 21 -1 -1 1
1.606429061 21 2 0 1
0.055423385 19 8 3 9
0.574826849 19 5 14 9
1.080390955 19 -1 -1 9
1.141098609 19 6 4 9
1.652290730 19 -1 -1 9
1.663050768 19 13 6 9
0.003631985 22 3 1 2
0.509385936 22 -1 -1 2
0.520975790 22 8 13 2
1.024773804 22 -1 -1 2
1.036570873 22 2 1 2
1.538174538 22 -1 -1 2
1.599712911 22 0 5 2
0.003159343 3 0 8 D
0.003176299 6 1 1 G
0.003197841 10 2 3 K
0.002254382 25 2 12 #
1.875833622 14 2 12 o
1.886460168 25 2 12 #
0.002335557 34 3 9 #
0.002326507 32 4 4 #
0.210570421 11 4 4 l
0.221315391 32 4 4 #
0.002262442 27 5 0 #
0.002266068 28 9 5 #
0.246869003 19 9 5 *
0.257388527 28 9 5 #
0.003153369 2 9 8 C
0.003181565 7 10 5 H
0.003203316 11 5 6 L
0.003140685 0 6 2 A
0.003170686 5 11 2 F
0.003214924 13 11 5 N
0.093854851 16 7 7 6
0.002275965 31 8 2 #
0.003192219 9 11 11 J
0.003209088 12 11 12 M
0.003186971 8 12 10 I
0.002272357 30 12 12 #
0.002332269 33 13 1 #
0.003147224 1 13 3 B
0.203675907 19 8 4 9
0.002269164 29 8 6 #
0.367258827 7 8 6 h
0.379351777 29 8 6 #
0.002258911 26 14 5 #
0.090927424 1 14 5 b
0.101605974 26 14 5 #
0.053732715 16 8 7 6
0.003164964 4 8 8 E
0.003220718 14 8 9 O
0.218656514 19 9 4 9
