-1  35  15  15
 0.011948134  2  13  1 C
 0.029055115  2  13  2 C
 0.053035485  2  14  2 C
 0.077793101  2  14  1 c
 0.129074000  2 -1 -1 c
 0.013812756  7  9  14 H
 0.027709566  7  9  0 H
 0.038063298  7  9  1 H
 0.165301371  7  9  1 h
 0.011861776  0  7  1 A
 0.040243273  0  8  1 A
 0.172018889  0  8  1 a
 0.013942125  10  8  11 K
 0.062140894  10  9  11 K
 0.097543374  10  10  11 K
 0.129879993  10  10  12 K
 0.172546521  10  11  12 k
 0.225808106  10 -1 -1 k
 0.012009108  3  13  5 D
 0.038041124  3  14  5 D
 0.052584797  3  14  4 D
 0.080355741  3  14  3 D
 0.129853900  3  13  3 D
 0.165453624  3  12  3 D
 0.201272483  3  12  4 d
 0.252269932  3 -1 -1 d
 0.013986005  11  3  4 L
 0.067280758  11  2  4 L
 0.099729809  11  1  4 L
 0.131907102  11  1  3 L
 0.146507376  11  1  2 L
 0.168267357  11  0  2 L
 0.208652344  11  0  1 L
 0.228675094  11  14  1 l
 0.278848913  11 -1 -1 l
 0.016367601  14  10  2 O
 0.043325158  14  9  2 O
 0.077812541  14  9  3 O
 0.101313680  14  9  4 O
 0.122368598  14  9  3 O
 0.148298902  14  9  2 O
 0.194032757  14  8  2 O
 0.326277870  14  8  2 o
 0.013898616  9  9  2 J
 0.040223920  9  9  3 J
 0.074381412  9  10  3 J
 0.087240339  9  10  2 J
 0.130230297  9  10  3 J
 0.150262163  9  9  3 J
 0.194663122  9  9  2 J
 0.338959451  9  9  2 j
 0.016304914  13  12  1 N
 0.054954634  13  12  0 N
 0.071456771  13  12  1 N
 0.107096978  13  12  0 N
 0.122336602  13  12  14 N
 0.157515761  13  13  14 N
 0.180354066  13  14  14 N
 0.205250691  13  13  14 N
 0.219405270  13  13  0 N
 0.243802256  13  12  0 N
 0.254546082  13  12  14 N
 0.273269666  13  12  13 N
 0.314622541  13  12  14 N
 0.348034742  13  11  14 N
 0.393690807  13  11  13 N
 0.427720292  13  11  14 N
 0.443315322  13  12  14 N
 0.443316465  13  12  14 n
 0.011905056  1  7  7 B
 0.052625880  1  7  6 B
 0.079797496  1  8  6 B
 0.128329384  1  8  7 B
 0.149924132  1  8  6 B
 0.197834085  1  7  6 B
 0.243823371  1  7  5 B
 0.268836440  1  6  5 B
 0.306307434  1  7  5 B
 0.323266579  1  7  6 B
 0.346357416  1  7  7 B
 0.372262995  1  8  7 B
 0.404648988  1  7  7 B
 0.424050995  1  7  6 B
 0.442270220  1  8  6 B
 0.469079147  1  7  6 B
 0.489406757  1  6  6 B
 0.503862492  1  6  5 B
 0.534825260  1  7  5 B
 0.555338724  1  7  5 b
 0.014073918  12  13  6 M
 0.079645745  12  14  6 M
 0.119695717  12  14  5 M
 0.144362523  12  13  5 M
 0.172775294  12  13  6 M
 0.200036198  12  13  7 M
 0.240404703  12  13  6 M
 0.290245865  12  13  5 M
 0.320059816  12  13  6 M
 0.360612445  12  13  7 M
 0.375239220  12  13  8 M
 0.398249309  12  12  8 M
 0.414174897  12  12  7 M
 0.449786573  12  12  8 M
 0.485818176  12  12  9 M
 0.520074696  12  12  8 M
 0.535949020  12  11  8 m
 0.588268587  12 -1 -1 m
 0.013648544  5  7  13 F
 0.043702415  5  6  13 F
 0.068297220  5  6  12 F
 0.110240488  5  5  12 F
 0.123297443  5  4  12 F
 0.139270135  5  3  12 F
 0.156239663  5  2  12 F
 0.177301228  5  2  13 F
 0.206940459  5  2  14 F
 0.230224227  5  2  13 F
 0.252242234  5  2  14 F
 0.282770687  5  2  13 F
 0.314617076  5  3  13 F
 0.332104037  5  3  14 F
 0.380844134  5  3  0 F
 0.405416088  5  3  1 F
 0.453266904  5  3  2 F
 0.497259982  5  4  2 F
 0.530281336  5  5  2 F
 0.555312422  5  6  2 F
 0.571612833  5  6  3 f
 0.623250554  5 -1 -1 f
 0.013856070  8  2  8 I
 0.055288858  8  2  9 I
 0.072455444  8  1  9 I
 0.114409439  8  1  10 I
 0.150682670  8  2  10 I
 0.181333760  8  2  11 I
 0.229342504  8  1  11 I
 0.271300846  8  1  12 I
 0.353276579  8  0  12 I
 0.382274755  8  1  12 I
 0.400547180  8  2  12 I
 0.446713116  8  3  12 I
 0.467266142  8  2  12 I
 0.510564000  8  1  12 I
 0.530380115  8  0  12 I
 0.547572229  8  1  12 I
 0.589948458  8  1  13 I
 0.616348482  8  1  14 I
 0.642274591  8  1  0 I
 0.653258664  8  1  1 I
 0.664988861  8  1  0 I
 0.703148400  8  1  1 I
 0.742230372  8  1  0 I
 0.771287270  8  2  0 I
 0.810877199  8  2  1 I
 0.810878333  8  2  1 i
 0.013464296  4  0  9 E
 0.043682361  4  1  9 E
 0.068266970  4  1  8 E
 0.108222997  4  0  8 E
 0.133452559  4  0  7 E
 0.182284674  4  1  7 E
 0.206960976  4  1  8 E
 0.247399912  4  2  8 E
 0.288281079  4  3  8 E
 0.299054008  4  2  8 E
 0.323207435  4  2  9 E
 0.358942044  4  1  9 E
 0.387853596  4  2  9 E
 0.400146971  4  1  9 E
 0.418243440  4  2  9 E
 0.456230164  4  2  8 E
 0.484958955  4  2  7 E
 0.535969285  4  1  7 E
 0.548085238  4  0  7 E
 0.566309858  4  14  7 E
 0.603560965  4  14  6 E
 0.615326063  4  0  6 E
 0.652062769  4  0  5 E
 0.699537075  4  1  5 E
 0.740231760  4  1  6 E
 0.769271708  4  0  6 E
 0.807896821  4  0  7 E
 0.839079040  4  0  6 E
 0.874076413  4  0  5 E
 0.910875344  4  0  6 E
 0.949646638  4  0  5 E
 0.981794450  4  0  6 E
 1.021256144  4  0  7 E
 1.021257550  4  0  7 e
 0.013766414  6  3  14 G
 0.054981996  6  3  0 G
 0.083622817  6  4  0 G
 0.126296150  6  4  1 G
 0.149099018  6  4  2 G
 0.198550377  6  4  3 G
 0.219280356  6  3  3 G
 0.253689901  6  4  3 G
 0.268802311  6  4  4 G
 0.282156871  6  4  3 G
 0.328475095  6  5  3 G
 0.358625444  6  5  4 G
 0.396112117  6  4  4 G
 0.422253267  6  5  4 G
 0.458110596  6  5  5 G
 0.482156365  6  5  6 G
 0.530319865  6  4  6 G
 0.548077113  6  5  6 G
 0.578749738  6  4  6 G
 0.620274665  6  3  6 G
 0.638813087  6  3  7 G
 0.659484666  6  2  7 G
 0.689745739  6  3  7 G
 0.725512090  6  2  7 G
 0.770567039  6  3  7 G
 0.815322727  6  2  7 G
 0.849265983  6  2  8 G
 0.882928029  6  3  8 G
 0.934479469  6  3  9 G
 0.972731730  6  4  9 G
 0.990551356  6  4  10 G
 1.010070576  6  4  9 G
 1.049585359  6  3  9 G
 1.066583707  6  3  8 G
 1.102257463  6  4  8 G
 1.142250970  6  5  8 G
 1.182370481  6  6  8 G
 1.223293624  6  6  7 G
 1.253286710  6  5  7 G
 1.285422820  6  5  7 g
 0.033283636  21  3  6 1
 0.535984959  21 -1 -1 1
 0.535988718  21  7  6 1
 1.037230146  21 -1 -1 1
 1.037235226  21  0  1 1
 0.035283894  23  2  0 3
 0.535291610  23 -1 -1 3
 0.535298480  23  0  2 3
 1.039220494  23 -1 -1 3
 1.091271342  23  0  2 3
 0.022345753  17  6  5 7
 0.524289897  17 -1 -1 7
 0.524298047  17  12  3 7
 1.025260224  17 -1 -1 7
 1.025267967  17  1  4 7
 0.037276363  22  9  8 2
 0.538260191  22 -1 -1 2
 0.538266665  22  10  8 2
 1.039245577  22 -1 -1 2
 1.039249553  22  1  4 2
 0.026390145  16  11  10 6
 0.530313365  16 -1 -1 6
 0.530318856  16  5  10 6
 1.033245897  16 -1 -1 6
 1.033253056  16  3  12 6
 0.039245874  20  13  1 0
 0.539291177  20 -1 -1 0
 0.539296496  20  13  2 0
 1.044406829  20 -1 -1 0
 1.044416931  20  3  11 0
 0.017441556  15  14  13 5
 0.523338012  15 -1 -1 5
 0.523349622  15  13  3 5
 1.032271686  15 -1 -1 5
 1.084267797  15  14  14 5
 0.018393474  18  4  8 8
 0.521356485  18 -1 -1 8
 0.521364827  18  3  13 8
 1.024145556  18 -1 -1 8
 1.024343060  18  5  2 8
 0.029285095  19  5  12 9
 0.534845403  19 -1 -1 *
 0.534849951  19  5  6 9
 1.038255492  19 -1 -1 9
 1.038260309  19  4  7 9
 0.031249870  24  0  10 4
 0.535817625  24 -1 -1 4
 0.536009309  24  5  10 4
 1.036014820  24 -1 -1 4
 1.036020755  24  1  1 4
 0.011395224  27  0  4 #
 0.353273490  19 -1 -1 *
 0.271298776  19  0  12 9
 0.156237731  19  1  12 9
 0.139267783  19  2  12 9
 0.123294472  19  3  12 9
 0.458108608  17  4  5 7
 0.548075215  19  5  7 9
 0.110238654  19  4  12 9
 0.011397212  28  5  13 #
 0.011405170  32  6  3 #
 0.623249429  32  6  3 #
 0.268834456  17  5  5 7
 0.011403447  31  11  4 #
 0.011384575  25  11  8 #
 0.588266844  25  11  8 #
 0.011399399  29  11  12 #
 0.225806301  29  11  12 #
 0.011409534  34  12  4 #
 0.252268644  34  12  4 #
 0.011406861  33  13  13 #
 0.011401700  30  14  1 #
 0.129026333  30  14  1 #
 0.278847500  30  14  1 #
 0.011392589  26  14  12 #
 0.301328469  19  14  12 *
 0.353272575  26  14  12 #
