-1  35  15  15
 0.012963524  6  12  0 G
 0.030053250  6  12  1 G
 0.078623452  6  12  2 G
 0.118334467  6  13  2 G
 0.140744812  6  13  3 g
 0.192447013  6 -1 -1 g
 0.014579333  9  4  1 J
 0.070645533  9  5  1 J
 0.116660671  9  5  0 J
 0.130064813  9  5  14 J
 0.159844652  9  4  14 j
 0.211664831  9 -1 -1 j
 0.013117618  7  3  2 H
 0.069639010  7  2  2 H
 0.116733695  7  2  3 H
 0.137775778  7  2  4 H
 0.182906180  7  2  5 H
 0.195616910  7  1  5 h
 0.250676133  7 -1 -1 h
 0.011422150  2  3  12 C
 0.062686157  2  3  11 C
 0.109648743  2  3  12 C
 0.134342036  2  3  13 C
 0.169352095  2  4  13 C
 0.211695979  2  4  14 c
 0.262496531  2 -1 -1 c
 0.016819026  14  5  8 O
 0.081764418  14  5  7 O
 0.104501725  14  6  7 O
 0.141481799  14  7  7 O
 0.162563060  14  6  7 O
 0.201135521  14  6  8 O
 0.222482810  14  7  8 O
 0.244343496  14  7  9 O
 0.255636306  14  6  9 o
 0.305791354  14 -1 -1 o
 0.016715808  13  13  6 N
 0.074603296  13  13  5 N
 0.088237144  13  14  5 N
 0.103640491  13  0  5 N
 0.136006421  13  0  6 N
 0.150029364  13  14  6 N
 0.176791775  13  14  7 N
 0.224756760  13  0  7 N
 0.254109870  13  1  7 N
 0.288672650  13  1  6 n
 0.339619962  13 -1 -1 n
 0.014649569  10  11  1 K
 0.055594154  10  10  1 K
 0.111582367  10  9  1 K
 0.147621170  10  10  1 K
 0.174697543  10  11  1 K
 0.212587906  10  10  1 K
 0.247365480  10  9  1 K
 0.265940816  10  10  1 K
 0.416753189  10  10  1 k
 0.011094036  0  9  8 A
 0.046654347  0  8  8 A
 0.098631472  0  7  8 A
 0.130042116  0  7  9 A
 0.156336022  0  7  8 A
 0.175393146  0  7  9 A
 0.225610474  0  8  9 A
 0.306624941  0  7  9 A
 0.340310118  0  7  10 A
 0.356632993  0  6  10 A
 0.370634991  0  6  9 a
 0.420762472  0 -1 -1 a
 0.014710818  11  9  7 L
 0.060706083  11  8  7 L
 0.091604607  11  8  6 L
 0.116596329  11  8  7 L
 0.153411626  11  9  7 L
 0.201606878  11  10  7 L
 0.229696665  11  10  8 L
 0.275660422  11  11  8 L
 0.304843761  11  11  9 L
 0.332350554  11  10  9 L
 0.377468383  11  10  10 l
 0.427698267  11 -1 -1 l
 0.013267802  8  9  1 I
 0.042596442  8  8  1 I
 0.078655236  8  9  1 I
 0.109676674  8  9  0 I
 0.135816242  8  9  14 I
 0.172640379  8  9  13 I
 0.211635863  8  10  13 I
 0.223561872  8  9  13 I
 0.244563209  8  10  13 I
 0.271296273  8  10  14 I
 0.314667650  8  10  0 I
 0.428859382  8  10  0 i
 0.012783909  5  14  0 F
 0.030592374  5  14  1 F
 0.046677210  5  13  1 F
 0.069656019  5  14  1 F
 0.118317527  5  13  1 F
 0.150788123  5  14  1 F
 0.161441701  5  0  1 F
 0.175368377  5  0  0 F
 0.205899734  5  0  14 F
 0.228602125  5  14  14 F
 0.241336731  5  14  0 F
 0.275428368  5  14  1 F
 0.320676906  5  14  0 F
 0.341614200  5  13  0 F
 0.378939955  5  13  14 F
 0.411299013  5  12  14 F
 0.435247605  5  12  13 F
 0.482569516  5  12  14 F
 0.525434026  5  12  13 F
 0.570397158  5  11  13 F
 0.620593076  5  11  14 F
 0.662098060  5  11  14 f
 0.012624119  4  2  8 E
 0.069465799  4  2  9 E
 0.103235053  4  2  10 E
 0.150820154  4  2  9 E
 0.192380386  4  3  9 E
 0.212965440  4  2  9 E
 0.250653648  4  1  9 E
 0.284456284  4  2  9 E
 0.323687944  4  2  8 E
 0.372055177  4  2  9 E
 0.456181071  4  2  10 E
 0.468646693  4  3  10 E
 0.493294074  4  2  10 E
 0.541287787  4  2  11 E
 0.591667869  4  1  11 E
 0.641786438  4  1  10 E
 0.672046513  4  0  10 e
 0.722195044  4 -1 -1 e
 0.016654289  12  3  7 M
 0.053571199  12  2  7 M
 0.072673974  12  3  7 M
 0.087411818  12  3  6 M
 0.137580699  12  4  6 M
 0.186483277  12  5  6 M
 0.223406552  12  6  6 M
 0.242556142  12  6  7 M
 0.259850559  12  6  8 M
 0.301461832  12  7  8 M
 0.331494264  12  8  8 M
 0.375572331  12  7  8 M
 0.425517188  12  7  9 M
 0.472629051  12  7  10 M
 0.489787262  12  8  10 M
 0.504841630  12  8  9 M
 0.522592318  12  7  9 M
 0.565582240  12  7  10 M
 0.614806026  12  7  11 M
 0.646602363  12  6  11 M
 0.666754737  12  6  10 M
 0.714059560  12  7  10 M
 0.738452978  12  7  9 M
 0.769694473  12  6  9 m
 0.821663434  12 -1 -1 m
 0.011266441  1  1  8 B
 0.069618635  1  2  8 B
 0.103273436  1  2  9 B
 0.135761452  1  3  9 B
 0.156852695  1  4  9 B
 0.194729491  1  4  10 B
 0.216072434  1  4  11 B
 0.256191680  1  3  11 B
 0.298622749  1  2  11 B
 0.328687125  1  2  10 B
 0.378155444  1  1  10 B
 0.404671053  1  2  10 B
 0.456096940  1  1  10 B
 0.506185788  1  1  9 B
 0.537379146  1  2  9 B
 0.581795286  1  3  9 B
 0.631060950  1  3  10 B
 0.649010977  1  4  10 B
 0.697113445  1  3  10 B
 0.728625647  1  4  10 B
 0.753643490  1  4  9 B
 0.770754602  1  3  9 B
 0.794188403  1  4  9 B
 0.807825895  1  4  10 B
 0.844492196  1  4  11 B
 0.880399580  1  4  10 B
 0.901002868  1  4  11 B
 0.912634732  1  4  10 B
 0.938779411  1  5  10 B
 0.957794127  1  6  10 B
 0.992615323  1  6  9 b
 1.042754175  1 -1 -1 b
 0.011645579  3  5  1 D
 0.070605963  3  6  1 D
 0.117992524  3  6  0 D
 0.157543180  3  6  14 D
 0.185660934  3  6  0 D
 0.207597729  3  6  14 D
 0.233616411  3  6  0 D
 0.279030915  3  5  0 D
 0.326231405  3  5  14 D
 0.364628156  3  6  14 D
 0.406610800  3  6  13 D
 0.439932364  3  6  14 D
 0.482939922  3  5  14 D
 0.525407725  3  6  14 D
 0.557651602  3  6  13 D
 0.603590352  3  6  12 D
 0.635099093  3  5  12 D
 0.647600720  3  6  12 D
 0.667094027  3  6  11 D
 0.688907309  3  7  11 D
 0.730794455  3  7  12 D
 0.773116854  3  7  11 D
 0.786715340  3  7  12 D
 0.809263145  3  6  12 D
 0.847557630  3  5  12 D
 0.865641565  3  6  12 D
 0.881994394  3  6  11 D
 0.928380544  3  7  11 D
 0.969331915  3  7  12 D
 0.986074291  3  7  13 D
 1.002806737  3  6  13 D
 1.042427010  3  6  14 D
 1.063165934  3  5  14 D
 1.093134292  3  5  0 D
 1.106669744  3  5  14 D
 1.150928751  3  5  13 D
 1.200376957  3  5  12 D
 1.222942493  3  6  12 D
 1.252345472  3  7  12 D
 1.266635003  3  7  13 D
 1.292668977  3  7  12 D
 1.332617948  3  7  13 D
 1.352640034  3  8  13 D
 1.402618232  3  8  12 D
 1.440649891  3  7  12 D
 1.480055678  3  8  12 D
 1.499670466  3  7  12 D
 1.522347732  3  8  12 D
 1.533922840  3  9  12 D
 1.567134546  3  10  12 D
 1.588423600  3  9  12 D
 1.601672234  3  9  13 D
 1.626832754  3  9  14 D
 1.673612013  3  9  0 D
 1.690840652  3  9  1 D
 1.709973190  3  9  2 D
 1.724710041  3  8  2 D
 1.748069427  3  7  2 D
 1.767469217  3  7  3 D
 1.806379333  3  7  4 D
 1.818621152  3  7  5 D
 1.865612792  3  7  4 D
 1.904601857  3  7  5 D
 1.949604335  3  6  5 D
 1.963617651  3  7  5 D
 2.012221705  3  7  4 D
 2.030450776  3  7  3 D
 2.056641561  3  6  3 D
 2.092136472  3  7  3 D
 2.139434532  3  6  3 D
 2.158645534  3  7  3 D
 2.186787292  3  6  3 D
 2.201711642  3  6  2 D
 2.229565154  3  7  2 D
 2.257710215  3  6  2 D
 2.289672104  3  6  3 D
 2.334685043  3  6  4 D
 2.358327042  3  6  3 D
 2.403675291  3  6  2 D
 2.451359775  3  5  2 D
 2.476165790  3  6  2 D
 2.492426848  3  5  2 D
 2.527058766  3  5  1 D
 2.575335617  3  6  1 D
 2.587946397  3  5  1 D
 2.626974767  3  6  1 D
 2.651122265  3  5  1 D
 2.666860890  3  4  1 D
 2.689471346  3  4  2 D
 2.720604866  3  5  2 D
 2.736038173  3  4  2 D
 2.779585904  3  4  3 D
 2.808286182  3  5  3 D
 2.857960770  3  6  3 D
 2.893590625  3  6  4 D
 2.917114106  3  5  4 D
 2.964632043  3  6  4 D
 3.005621640  3  6  5 D
 3.054984448  3  6  4 D
 3.094624888  3  5  4 D
 3.114314202  3  4  4 D
 3.114315493  3  4  4 d
 0.024788548  20  2  6 0
 0.524795719  20 -1 -1 0
 0.524804025  20  12  8 0
 1.024816278  20 -1 -1 0
 1.024825976  20  12  4 0
 1.535612598  20 -1 -1 0
 1.535617950  20  5  6 0
 2.039601359  20 -1 -1 0
 2.039610306  20  11  3 0
 2.546968372  20 -1 -1 0
 2.546978515  20  11  7 0
 3.046984359  20 -1 -1 0
 3.046991031  20  11  11 0
 0.032573585  24  1  14 4
 0.537403936  24 -1 -1 4
 0.537407635  24  12  12 4
 1.042448090  24 -1 -1 4
 1.042451975  24  14  11 4
 1.542461975  24 -1 -1 4
 1.542470683  24  2  0 4
 2.043587730  24 -1 -1 4
 2.043592711  24  6  0 4
 2.543605987  24 -1 -1 4
 2.543614635  24  1  1 4
 3.044626610  24 -1 -1 4
 3.044663783  24  14  6 4
 0.040203337  21  13  8 1
 0.540674608  21 -1 -1 1
 0.540683346  21  11  5 1
 1.046700079  21 -1 -1 1
 1.046705990  21  3  2 1
 1.555624929  21 -1 -1 1
 1.555631516  21  2  11 1
 2.056672881  21 -1 -1 1
 2.056677818  21  9  7 1
 2.559604909  21 -1 -1 1
 2.559612864  21  2  9 1
 3.059660413  21 -1 -1 1
 3.059670209  21  8  4 1
 0.033281112  16  2  6 6
 0.542641786  16 -1 -1 6
 0.542648126  16  10  14 6
 1.050715306  16 -1 -1 6
 1.050727438  16  12  2 6
 1.557694181  16 -1 -1 6
 1.557702954  16  5  4 6
 2.061623530  16 -1 -1 6
 2.061630475  16  9  14 6
 2.565619460  16 -1 -1 6
 2.565626635  16  4  9 6
 3.070602386  16 -1 -1 6
 3.070610693  16  1  2 6
 0.036093271  17  8  0 7
 0.536560672  17 -1 -1 7
 0.536566837  17  10  12 7
 1.043283601  17 -1 -1 7
 1.043288360  17  11  10 7
 1.549559526  17 -1 -1 7
 1.549565924  17  10  13 7
 2.051607892  17 -1 -1 7
 2.051616317  17  10  3 7
 2.554285060  17 -1 -1 7
 2.554290059  17  11  1 7
 3.054616892  17 -1 -1 7
 3.054624947  17  11  13 7
 0.028619113  19  12  5 9
 0.536592467  19 -1 -1 9
 0.536598163  19  13  7 9
 1.038598823  19 -1 -1 9
 1.038604892  19  12  4 9
 1.538611222  19 -1 -1 9
 1.538616706  19  0  0 9
 2.045608101  19 -1 -1 9
 2.045613876  19  0  3 9
 2.551593925  19 -1 -1 9
 2.551601514  19  9  13 9
 3.051608491  19 -1 -1 9
 3.051615078  19  8  8 9
 0.034571725  22  11  13 2
 0.534578907  22 -1 -1 2
 0.534586274  22  12  1 2
 1.041598464  22 -1 -1 2
 1.041605132  22  8  11 2
 1.545611014  22 -1 -1 2
 1.545618388  22  5  4 2
 2.045624333  22 -1 -1 2
 2.045631376  22  4  1 2
 2.548654051  22 -1 -1 2
 2.548670035  22  9  7 2
 3.048675259  22 -1 -1 2
 3.048680909  22  2  2 2
 0.020728707  18  12  7 8
 0.528567862  18 -1 -1 8
 0.528573340  18  2  12 8
 1.037573974  18 -1 -1 8
 1.037581969  18  3  13 8
 1.543596099  18 -1 -1 8
 1.543602158  18  6  1 8
 2.047568065  18 -1 -1 8
 2.047573076  18  7  9 8
 2.552570454  18 -1 -1 8
 2.552575876  18  2  11 8
 3.056588421  18 -1 -1 8
 3.056596726  18  12  14 8
 0.038599816  23  8  2 3
 0.542607150  23 -1 -1 3
 0.542614778  23  14  4 3
 1.052676822  23 -1 -1 3
 1.052688504  23  10  11 3
 1.555583847  23 -1 -1 3
 1.555591921  23  5  2 3
 2.063610815  23 -1 -1 3
 2.063617333  23  0  11 3
 2.563625060  23 -1 -1 3
 2.563632187  23  3  6 3
 3.063641060  23 -1 -1 3
 3.063648762  23  1  7 3
 0.017874204  15  8  7 5
 0.520582036  15 -1 -1 5
 0.520601174  15  11  1 5
 1.021556972  15 -1 -1 5
 1.021565092  15  1  12 5
 1.527552325  15 -1 -1 5
 1.527560246  15  5  12 5
 2.029589276  15 -1 -1 5
 2.029598815  15  5  14 5
 2.536563010  15 -1 -1 5
 2.536570753  15  13  13 5
 3.038571344  15 -1 -1 5
 3.038579989  15  12  1 5
 0.010972410  25  0  10 #
 0.722194056  25  0  10 #
 0.010990655  32  0  13 #
 0.010983347  28  1  5 #
 0.250675206  28  1  5 #
 0.010986656  30  1  6 #
 0.339618732  30  1  6 #
 0.010994657  34  4  14 #
 0.211654272  34  4  14 #
 0.262495192  34  4  14 #
 0.010988782  31  5  11 #
 0.010992542  33  6  9 #
 0.305790059  33  6  9 #
 0.420761485  33  6  9 #
 0.821661805  33  6  9 #
 1.042753157  33  6  9 #
 0.141479470  15  7  6 5
 0.060703691  15  7  7 5
 0.010981540  27  10  10 #
 0.427696869  27  10  10 #
 0.010985117  29  13  3 #
 0.192445992  29  13  3 #
 0.010979852  26  13  11 #
