-1 25 15 15
0.015561014 4 10 6 E
0.037970121 4 9 6 E
0.072981055 4 9 6 e
0.046691983 12 10 6 M
0.078836122 12 10 6 m
0.027169984 13 14 12 N
0.038007702 13 0 12 N
0.067345112 13 1 12 N
0.111687877 13 1 12 n
0.029260781 2 0 0 C
0.048708501 2 14 0 C
0.067327714 2 14 14 C
0.116834265 2 14 14 c
0.043658089 7 2 11 H
0.091604558 7 1 11 H
0.118353276 7 1 11 h
0.022496764 8 0 10 I
0.069397263 8 14 10 I
0.101436259 8 0 10 I
0.116810064 8 0 11 I
0.136634803 8 14 11 I
0.181739073 8 14 10 I
0.192216385 8 14 11 I
0.241095483 8 14 11 i
0.031353759 1 9 8 B
0.058269004 1 9 9 B
0.074908401 1 8 9 B
0.094485239 1 8 10 B
0.133599191 1 8 11 B
0.180678662 1 8 10 B
0.211623971 1 8 11 B
0.241494646 1 9 11 B
0.261347928 1 9 10 B
0.294606244 1 9 10 b
0.039769994 5 10 14 F
0.089661807 5 9 14 F
0.116824720 5 9 13 F
0.138666181 5 9 12 F
0.176558286 5 9 11 F
0.211585071 5 9 10 F
0.255489126 5 8 10 F
0.297604127 5 8 10 f
0.045062208 6 10 7 G
0.073195140 6 11 7 G
0.100350798 6 10 7 G
0.147913454 6 9 7 G
0.196031613 6 9 8 G
0.238991704 6 9 7 G
0.263314132 6 9 8 G
0.313140567 6 8 8 G
0.348391974 6 7 8 G
0.368308044 6 7 8 g
0.022240712 10 7 9 K
0.033023274 10 7 8 K
0.060412284 10 6 8 K
0.098491799 10 5 8 K
0.142561722 10 5 9 K
0.187283242 10 6 9 K
0.202781938 10 7 9 K
0.238975687 10 7 10 K
0.288727483 10 7 11 K
0.301355622 10 7 10 K
0.335605180 10 7 9 K
0.368552424 10 6 9 K
0.409701062 10 6 8 K
0.444946960 10 5 8 K
0.475371049 10 4 8 K
0.489183365 10 4 8 k
0.050531296 11 8 3 L
0.067327267 11 8 4 L
0.084796791 11 8 3 L
0.133533283 11 9 3 L
0.180556389 11 10 3 L
0.200897258 11 10 2 L
0.236984232 11 10 1 L
0.253596001 11 10 2 L
0.266619318 11 9 2 L
0.307335864 11 9 1 L
0.344480846 11 10 1 L
0.381399865 11 10 2 L
0.418531155 11 11 2 L
0.446872979 11 12 2 L
0.477193274 11 12 1 L
0.489313976 11 12 2 L
0.529395764 11 11 2 L
0.572383607 11 10 2 L
0.597900514 11 10 1 L
0.611661990 11 10 2 L
0.639981852 11 10 1 L
0.671338622 11 10 2 L
0.703041808 11 10 3 L
0.717506572 11 10 4 L
0.738642990 11 10 3 L
0.756013431 11 10 4 L
0.756015570 11 10 4 l
0.041882965 0 6 4 A
0.092714464 0 5 4 A
0.125911082 0 5 5 A
0.174650739 0 4 5 A
0.205707498 0 4 6 A
0.227269936 0 3 6 A
0.244943389 0 4 6 A
0.274997370 0 5 6 A
0.294558098 0 4 6 A
0.333652470 0 4 5 A
0.356202979 0 3 5 A
0.393078048 0 4 5 A
0.430635216 0 3 5 A
0.479059504 0 3 4 A
0.502861867 0 3 5 A
0.544740901 0 2 5 A
0.586283851 0 2 6 A
0.613444785 0 3 6 A
0.641840692 0 3 7 A
0.684777573 0 3 8 A
0.709843846 0 3 9 A
0.746387709 0 3 8 A
0.762468368 0 3 9 A
0.783109606 0 3 8 A
0.807485329 0 3 9 A
0.821995291 0 3 8 A
0.840827862 0 2 8 A
0.873750204 0 3 8 A
0.889464131 0 3 7 A
0.929759146 0 3 7 a
0.044842892 14 13 4 O
0.086759332 14 12 4 O
0.108163034 14 12 3 O
0.131359799 14 13 3 O
0.142577527 14 14 3 O
0.165408011 14 14 4 O
0.195989715 14 0 4 O
0.227170060 14 0 3 O
0.268317460 14 0 4 O
0.286678229 14 1 4 O
0.307477357 14 0 4 O
0.354358336 14 1 4 O
0.395108248 14 1 5 O
0.436356960 14 0 5 O
0.466374734 14 14 5 O
0.502919037 14 14 6 O
0.523520369 14 0 6 O
0.547689684 14 0 5 O
0.586218896 14 0 4 O
0.626255041 14 0 5 O
0.656521720 14 0 4 O
0.692547336 14 14 4 O
0.706795271 14 0 4 O
0.735310557 14 14 4 O
0.766304096 14 14 3 O
0.809194938 14 14 2 O
0.822113018 14 14 3 O
0.840719800 14 14 2 O
0.889115663 14 14 1 O
0.935651998 14 13 1 O
0.977659473 14 12 1 O
1.000685552 14 11 1 O
1.037595814 14 11 1 o
0.020532354 3 13 13 D
0.037924999 3 14 13 D
0.074923311 3 13 13 D
0.110350339 3 13 14 D
0.156848774 3 13 13 D
0.172703318 3 13 12 D
0.190542237 3 14 12 D
0.202858826 3 0 12 D
0.225386202 3 0 11 D
0.271413730 3 0 10 D
0.299795697 3 1 10 D
0.350424031 3 1 9 D
0.371388630 3 1 8 D
0.405845455 3 2 8 D
0.423497055 3 2 7 D
0.447014529 3 3 7 D
0.475318644 3 4 7 D
0.525370618 3 4 6 D
0.556394783 3 4 5 D
0.602778418 3 5 5 D
0.627465900 3 5 6 D
0.667341765 3 5 5 D
0.692189617 3 4 5 D
0.741818633 3 5 5 D
0.753804175 3 5 6 D
0.771275570 3 5 5 D
0.788778205 3 5 6 D
0.812294717 3 5 7 D
0.845385356 3 5 6 D
0.858038279 3 5 7 D
0.897551546 3 4 7 D
0.933912418 3 5 7 D
0.961020455 3 5 6 D
0.999558621 3 6 6 D
1.046717704 3 6 7 D
1.080545684 3 6 8 D
1.129317601 3 6 8 d
0.031295263 9 3 2 J
0.079121202 9 4 2 J
0.106257504 9 5 2 J
0.139848347 9 6 2 J
0.176570003 9 7 2 J
0.219500102 9 7 3 J
0.241084018 9 8 3 J
0.279106052 9 9 3 J
0.316178658 9 9 2 J
0.331740374 9 9 3 J
0.368300547 9 9 4 J
0.414670300 9 9 3 J
0.458582209 9 10 3 J
0.502793559 9 11 3 J
0.519519815 9 10 3 J
0.569407111 9 10 4 J
0.602791277 9 11 4 J
0.614572124 9 11 3 J
0.651521997 9 10 3 J
0.692337032 9 11 3 J
0.739412884 9 11 2 J
0.764438167 9 11 3 J
0.807352959 9 10 3 J
0.822369308 9 9 3 J
0.871656463 9 9 2 J
0.891785905 9 9 1 J
0.906910675 9 9 0 J
0.944504395 9 9 1 J
0.967045960 9 9 2 J
1.006393591 9 10 2 J
1.022934611 9 11 2 J
1.061433945 9 10 2 J
1.110121586 9 10 1 J
1.124431697 9 9 1 J
1.142052828 9 10 1 J
1.156696846 9 10 2 J
1.171378060 9 10 1 J
1.196811718 9 10 0 J
1.210371970 9 9 0 J
1.210374471 9 9 0 j
0.002756318 15 9 14 5
0.504826962 15 -1 -1 5
0.516595700 15 7 13 5
1.024998925 15 -1 -1 5
1.138199298 15 2 1 5
0.002877383 18 8 2 8
0.505675367 18 -1 -1 8
0.567285173 18 6 11 8
1.070895343 18 -1 -1 8
1.082501416 18 6 1 8
0.002914315 19 11 9 9
0.504850948 19 -1 -1 9
0.516582495 19 2 6 9
1.024970322 19 -1 -1 9
1.035865018 19 6 12 9
0.002951711 20 11 8 0
0.504791108 20 -1 -1 0
0.516570473 20 3 10 0
1.025099396 20 -1 -1 0
1.035788867 20 3 13 0
0.002244888 24 3 13 4
0.504884493 24 -1 -1 4
0.516553238 24 5 11 4
1.024956264 24 -1 -1 4
1.035847633 24 6 14 4
0.003039250 22 9 5 2
0.507693504 22 -1 -1 2
0.517783753 22 2 13 2
1.025005588 22 -1 -1 2
1.035828670 22 0 9 2
0.002995689 21 3 6 1
0.504840195 21 -1 -1 1
0.617965178 21 7 0 1
1.122498114 21 -1 -1 1
1.133411820 21 4 1 1
0.002833565 17 8 1 7
0.504864757 17 -1 -1 7
0.516695067 17 12 6 7
1.024963340 17 -1 -1 7
1.035856653 17 12 6 7
0.002795185 16 7 12 6
0.504813743 16 -1 -1 6
0.516583643 16 13 2 6
1.024947382 16 -1 -1 6
1.240637164 16 13 9 6
0.003077998 23 8 7 3
0.507751242 23 -1 -1 3
0.569080690 23 6 0 3
1.078780935 23 -1 -1 3
1.498242622 23 13 11 3
0.586279298 19 1 6 9
0.002000228 7 1 11 H
0.227266914 21 3 7 1
0.447011573 21 3 8 1
0.002015215 9 4 2 J
0.001948909 0 6 3 A
0.002031273 11 7 3 L
0.001957924 1 10 8 B
0.002022578 10 8 9 K
0.089656644 15 9 0 5
0.001978877 4 9 6 E
0.002055426 14 13 3 O
0.001985402 5 10 0 F
0.001992841 6 10 6 G
0.002039616 12 10 7 M
0.001972091 3 13 14 D
0.001965849 2 14 0 C
0.002007218 8 14 10 I
0.002047279 13 14 13 N
