-1 25 15 15
0.050446216 2 2 10 c
0.052602429 7 2 0 h
0.040928042 3 9 5 D
0.079871263 3 9 5 d
0.015560489 5 8 6 F
0.063405224 5 8 5 F
0.085778524 5 8 5 f
0.034037425 9 10 1 J
0.074880718 9 9 1 J
0.085916787 9 9 0 J
0.108076232 9 9 0 j
0.015312204 13 10 9 N
0.061169702 13 11 9 N
0.072995518 13 12 9 N
0.100357007 13 12 10 N
0.150320380 13 12 9 N
0.189115539 13 12 10 N
0.221456146 13 12 11 N
0.239204565 13 12 11 n
0.017289506 6 9 0 G
0.037261190 6 9 1 G
0.073292448 6 9 2 G
0.107006672 6 9 1 G
0.152308980 6 8 1 G
0.182245677 6 8 2 G
0.203855495 6 7 2 G
0.239158151 6 7 1 G
0.263360262 6 7 0 G
0.305437473 6 8 0 G
0.322993736 6 8 0 g
0.047577665 0 4 13 A
0.081365774 0 5 13 A
0.128805637 0 4 13 A
0.178469468 0 3 13 A
0.217452918 0 2 13 A
0.232210500 0 2 12 A
0.259324550 0 2 13 A
0.271650830 0 2 12 A
0.290633001 0 3 12 A
0.326732934 0 3 11 A
0.353286679 0 3 12 A
0.364762141 0 3 12 a
0.038837202 14 1 10 O
0.057477033 14 1 11 O
0.092605385 14 2 11 O
0.132455623 14 2 10 O
0.168609260 14 1 10 O
0.201816077 14 2 10 O
0.240863513 14 2 11 O
0.254430318 14 3 11 O
0.290622427 14 2 11 O
0.315189218 14 1 11 O
0.335653822 14 1 12 O
0.353297666 14 2 12 O
0.394865009 14 2 12 o
0.022231391 12 10 11 M
0.070110228 12 9 11 M
0.081453404 12 8 11 M
0.110308015 12 8 10 M
0.152322014 12 8 11 M
0.173455254 12 8 10 M
0.185419755 12 7 10 M
0.210746090 12 8 10 M
0.246675763 12 8 11 M
0.292596742 12 9 11 M
0.311145546 12 9 10 M
0.324768416 12 9 11 M
0.359186824 12 10 11 M
0.397188448 12 10 11 m
0.043028500 1 1 0 B
0.063415249 1 0 0 B
0.105260912 1 0 14 B
0.122427227 1 1 14 B
0.164674950 1 0 14 B
0.210706019 1 0 13 B
0.233937653 1 1 13 B
0.277261451 1 1 12 B
0.294580406 1 1 13 B
0.305552402 1 2 13 B
0.335603097 1 2 14 B
0.353224395 1 3 14 B
0.382360561 1 4 14 B
0.429011907 1 4 13 B
0.474115707 1 3 13 B
0.518878003 1 3 13 b
0.044740066 10 10 14 K
0.070113331 10 10 13 K
0.096748909 10 9 13 K
0.121928828 10 10 13 K
0.143172848 10 11 13 K
0.189101535 10 12 13 K
0.214424768 10 12 12 K
0.242973500 10 11 12 K
0.281195083 10 12 12 K
0.328739443 10 11 12 K
0.355273118 10 10 12 K
0.403248164 10 9 12 K
0.444631525 10 8 12 K
0.491659363 10 8 11 K
0.517275385 10 8 12 K
0.545235904 10 8 13 K
0.585412736 10 7 13 K
0.619717842 10 8 13 K
0.663831156 10 9 13 K
0.695031489 10 8 13 K
0.737977002 10 8 14 K
0.775380148 10 8 13 K
0.818068533 10 8 14 K
0.865857681 10 8 13 K
0.879641128 10 7 13 K
0.918888701 10 7 13 k
0.052518715 11 12 0 L
0.097989316 11 12 1 L
0.127631730 11 12 2 L
0.171784970 11 12 3 L
0.210599046 11 13 3 L
0.256403871 11 13 4 L
0.302392036 11 13 3 L
0.339726428 11 12 3 L
0.377380781 11 12 2 L
0.403189347 11 12 3 L
0.416493061 11 12 4 L
0.446623610 11 12 3 L
0.486622575 11 11 3 L
0.500434278 11 11 4 L
0.541397310 11 10 4 L
0.569581754 11 10 3 L
0.603721570 11 10 4 L
0.648630926 11 11 4 L
0.665795154 11 11 5 L
0.692076214 11 12 5 L
0.719108201 11 12 6 L
0.764315690 11 12 7 L
0.814161959 11 11 7 L
0.842460483 11 12 7 L
0.858077077 11 11 7 L
0.874725883 11 10 7 L
0.888372930 11 10 8 L
0.923567548 11 10 7 L
0.953745188 11 11 7 L
0.966322530 11 11 6 L
0.990749354 11 11 5 L
1.039658041 11 11 6 L
1.084468536 11 10 6 L
1.118534133 11 10 5 L
1.145933359 11 10 5 l
0.032215989 8 13 3 I
0.052754022 8 13 4 I
0.081438068 8 13 3 I
0.095510146 8 13 2 I
0.121789515 8 13 1 I
0.168704517 8 13 0 I
0.191140263 8 13 1 I
0.226210419 8 13 0 I
0.237481625 8 14 0 I
0.273321805 8 14 14 I
0.305542237 8 0 14 I
0.335588352 8 14 14 I
0.360850479 8 14 13 I
0.384274273 8 14 12 I
0.403175479 8 13 12 I
0.442690057 8 13 13 I
0.480798610 8 14 13 I
0.503262810 8 13 13 I
0.530394800 8 14 13 I
0.559905705 8 13 13 I
0.603768291 8 12 13 I
0.624413442 8 13 13 I
0.668769275 8 13 12 I
0.716521707 8 14 12 I
0.749658074 8 13 12 I
0.781291986 8 14 12 I
0.819952055 8 14 11 I
0.858248891 8 0 11 I
0.901260213 8 0 10 I
0.918654704 8 14 10 I
0.930416694 8 0 10 I
0.969247241 8 14 10 I
1.003441072 8 13 10 I
1.054226187 8 13 9 I
1.068963026 8 12 9 I
1.117201252 8 11 9 I
1.152848266 8 11 8 I
1.170391420 8 12 8 I
1.198291710 8 13 8 I
1.214532808 8 14 8 I
1.240679646 8 13 8 I
1.257317144 8 13 9 I
1.270193006 8 14 9 I
1.320735697 8 14 8 I
1.362674711 8 14 7 I
1.401200614 8 13 7 I
1.417290554 8 12 7 I
1.457489977 8 12 6 I
1.496279990 8 12 5 I
1.508013523 8 11 5 I
1.530510887 8 11 6 I
1.574467426 8 11 7 I
1.622236931 8 10 7 I
1.649589691 8 9 7 I
1.660751009 8 10 7 I
1.698556370 8 10 6 I
1.739337353 8 10 6 i
0.040728708 4 13 5 E
0.081461475 4 14 5 E
0.132528113 4 0 5 E
0.166626321 4 1 5 E
0.177363020 4 2 5 E
0.217395241 4 2 6 E
0.239040432 4 1 6 E
0.256569966 4 2 6 E
0.296454789 4 1 6 E
0.308205093 4 1 7 E
0.346239847 4 1 6 E
0.360889351 4 1 5 E
0.410492834 4 1 6 E
0.441141552 4 1 5 E
0.452440453 4 2 5 E
0.488701351 4 2 4 E
0.503162114 4 2 3 E
0.539329083 4 3 3 E
0.581462259 4 4 3 E
0.621350620 4 3 3 E
0.647238803 4 3 4 E
0.680610799 4 2 4 E
0.693240147 4 2 3 E
0.734292327 4 2 4 E
0.779044695 4 2 5 E
0.790737107 4 2 4 E
0.811172696 4 2 3 E
0.826823825 4 2 4 E
0.853243848 4 2 5 E
0.883335848 4 1 5 E
0.915552470 4 1 6 E
0.937190140 4 1 5 E
0.967368255 4 1 6 E
0.986872764 4 1 7 E
1.027022208 4 1 6 E
1.068970120 4 2 6 E
1.084589386 4 2 5 E
1.098219689 4 3 5 E
1.139063422 4 3 4 E
1.164639806 4 3 5 E
1.202678711 4 3 6 E
1.250455869 4 3 5 E
1.270263572 4 3 6 E
1.305256699 4 2 6 E
1.347310856 4 2 7 E
1.390194708 4 1 7 E
1.425203675 4 1 8 E
1.464296399 4 1 9 E
1.512233594 4 1 8 E
1.542264142 4 1 9 E
1.574497308 4 0 9 E
1.602773936 4 1 9 E
1.624172904 4 1 8 E
1.660554967 4 1 9 E
1.707166109 4 2 9 E
1.743787363 4 2 10 E
1.759848100 4 3 10 E
1.806897862 4 3 11 E
1.837158045 4 2 11 E
1.847871090 4 2 10 E
1.882852570 4 2 11 E
1.921113802 4 1 11 E
1.940460468 4 1 12 E
1.973720021 4 0 12 E
1.988328199 4 1 12 E
2.002266100 4 1 11 E
2.013624240 4 2 11 E
2.030263928 4 2 10 E
2.073110327 4 2 11 E
2.116417094 4 2 11 e
0.002930735 19 11 14 9
0.506556240 19 -1 -1 9
0.517195133 19 13 8 9
1.021262828 19 -1 -1 9
1.032739534 19 6 4 9
1.537582614 19 -1 -1 9
1.804824620 19 5 11 9
0.003110778 16 12 10 6
0.506577410 16 -1 -1 6
0.619466147 16 6 14 6
1.121569125 16 -1 -1 6
1.285527077 16 3 2 6
1.790266553 16 -1 -1 6
1.901443557 16 4 11 6
0.003070155 23 13 0 3
0.506565808 23 -1 -1 3
0.517206757 23 2 7 3
1.021236722 23 -1 -1 3
1.032687147 23 3 7 3
1.537572659 23 -1 -1 3
1.958995814 23 3 7 3
0.002997130 21 10 1 1
0.506593153 21 -1 -1 1
0.978104249 21 0 4 1
1.482773448 21 -1 -1 1
1.494738719 21 4 9 1
2.002280918 21 -1 -1 1
2.013662523 21 7 7 1
0.003103626 15 6 12 5
0.506490141 15 -1 -1 5
0.567823528 15 6 2 5
1.069047713 15 -1 -1 5
1.079669561 15 14 9 5
1.582387312 15 -1 -1 5
1.594241926 15 1 3 5
2.100592034 15 -1 -1 5
2.111255389 15 5 9 5
0.054421186 22 7 4 2
0.559916418 22 -1 -1 2
0.621293015 22 4 6 2
1.121619267 22 -1 -1 2
1.183244309 22 5 6 2
1.687677232 22 -1 -1 2
1.800991777 22 1 4 2
0.002898146 17 3 4 7
0.506582996 17 -1 -1 7
0.567676403 17 8 9 7
1.069072890 17 -1 -1 7
1.130326423 17 9 8 7
1.638038334 17 -1 -1 7
1.648093109 17 5 1 7
0.002891543 18 14 2 8
0.508190881 18 -1 -1 8
0.519204010 18 4 7 8
1.021190808 18 -1 -1 8
1.186355220 18 0 2 8
1.691069177 18 -1 -1 8
1.804762939 18 8 7 8
0.002964682 20 4 2 0
0.506571993 20 -1 -1 0
0.517214610 20 7 14 0
1.021226865 20 -1 -1 0
1.032677589 20 14 3 0
1.537591515 20 -1 -1 0
1.599927688 20 2 9 0
2.108522784 20 -1 -1 0
2.169884848 20 6 14 0
0.002506047 24 14 14 4
0.506588052 24 -1 -1 4
0.567755742 24 10 6 4
1.069057701 24 -1 -1 4
1.079678676 24 6 7 4
1.582538614 24 -1 -1 4
1.594077239 24 2 1 4
2.100606759 24 -1 -1 4
2.213750638 24 11 1 4
1.574491105 15 0 8 5
1.270188591 15 0 9 5
0.002307645 14 1 9 O
0.002235725 1 1 14 B
0.002269223 7 2 0 H
1.707161015 20 2 8 0
0.002241585 2 2 10 C
0.002247418 3 9 6 D
0.002228565 0 4 12 A
0.002301862 13 9 9 N
0.002296440 12 9 11 M
0.002285155 10 9 14 K
0.002258707 5 7 6 F
0.002264013 6 10 0 G
0.002279896 9 10 2 J
0.002291304 11 12 14 L
0.033961211 21 11 1 1
0.002274537 8 12 3 I
0.100353380 16 13 10 6
0.360846796 24 13 13 4
0.442685704 24 13 14 4
0.168700304 23 14 0 3
0.237478170 23 14 1 3
0.273318740 24 14 13 4
0.002252709 4 12 5 E
