-1 35 15 15
0.028259483 3 0 2 D
0.047018227 3 0 2 d
0.021559543 4 11 11 E
0.050729653 4 11 12 E
0.090669029 4 11 12 e
0.028303892 13 11 5 N
0.046912771 13 12 5 N
0.058399794 13 12 4 N
0.090922203 13 -1 -1 n
0.023040375 6 11 14 G
0.046894186 6 10 14 G
0.061313314 6 10 13 G
0.086819225 6 10 12 G
0.105096916 6 10 12 g
0.047976409 8 5 7 I
0.097158909 8 6 7 I
0.150429394 8 -1 -1 i
0.024704751 0 10 3 A
0.044021004 0 10 2 A
0.056450635 0 10 1 A
0.085173322 0 9 1 A
0.111293480 0 8 1 A
0.136752824 0 9 1 A
0.178681486 0 9 2 A
0.221446743 0 9 3 A
0.241379522 0 9 4 A
0.272386300 0 -1 -1 a
0.028412214 10 0 1 K
0.058343202 10 0 2 K
0.079210090 10 14 2 K
0.090658364 10 14 3 K
0.120899168 10 13 3 K
0.144625017 10 14 3 K
0.169802490 10 13 3 K
0.213480903 10 12 3 K
0.242558832 10 12 4 K
0.292639491 10 12 4 k
0.052750251 14 9 8 O
0.095530000 14 9 9 O
0.122078729 14 9 8 O
0.168733135 14 9 9 O
0.216580962 14 9 10 O
0.243890938 14 10 10 O
0.281911111 14 10 11 O
0.322098923 14 -1 -1 o
0.033046630 9 3 8 J
0.073127051 9 2 8 J
0.086856719 9 2 7 J
0.118481202 9 2 6 J
0.130845760 9 3 6 J
0.171947073 9 3 7 J
0.211399657 9 4 7 J
0.232908228 9 4 6 J
0.275237233 9 5 6 J
0.322299707 9 4 6 J
0.368810717 9 4 6 j
0.023442935 12 7 4 M
0.073343081 12 8 4 M
0.123859335 12 8 3 M
0.166838398 12 7 3 M
0.202280089 12 7 4 M
0.214660147 12 6 4 M
0.236554988 12 7 4 M
0.268264687 12 6 4 M
0.280648772 12 7 4 M
0.294652587 12 6 4 M
0.343594998 12 7 4 M
0.380531528 12 8 4 M
0.427759914 12 7 4 M
0.476272706 12 8 4 M
0.519387562 12 8 4 m
0.044201319 7 1 2 H
0.088717033 7 1 3 H
0.109366743 7 2 3 H
0.128298730 7 2 4 H
0.143774498 7 2 5 H
0.183557578 7 3 5 H
0.219518225 7 3 4 H
0.261513634 7 3 3 H
0.308286034 7 4 3 H
0.356261769 7 3 3 H
0.386367099 7 2 3 H
0.423512250 7 3 3 H
0.465685622 7 2 3 H
0.488824702 7 1 3 H
0.530893016 7 1 4 H
0.578718747 7 2 4 H
0.617763798 7 3 4 H
0.634565976 7 3 5 H
0.683131522 7 4 5 H
0.728427404 7 3 5 H
0.771988655 7 3 5 h
0.024600419 2 1 12 C
0.065256559 2 2 12 C
0.109309802 2 3 12 C
0.158013139 2 3 13 C
0.185328225 2 2 13 C
0.203827960 2 3 13 C
0.250139221 2 3 12 C
0.292806391 2 3 13 C
0.325832059 2 3 12 C
0.370794895 2 3 13 C
0.408934860 2 3 12 C
0.446997010 2 3 11 C
0.495859754 2 3 10 C
0.532800268 2 3 11 C
0.580553938 2 3 10 C
0.596271732 2 3 9 C
0.644107029 2 3 8 C
0.657762569 2 4 8 C
0.708552595 2 4 7 C
0.730879043 2 3 7 C
0.754348642 2 3 6 C
0.778762964 2 3 6 c
0.033219546 11 0 4 L
0.052743065 11 14 4 L
0.097333463 11 14 5 L
0.135555778 11 0 5 L
0.171938007 11 1 5 L
0.187197559 11 0 5 L
0.200243924 11 0 6 L
0.234233313 11 0 7 L
0.259533817 11 0 8 L
0.284270267 11 14 8 L
0.296536838 11 14 7 L
0.323893256 11 14 6 L
0.373847473 11 0 6 L
0.391321069 11 0 5 L
0.427458370 11 0 6 L
0.467457380 11 0 5 L
0.490842982 11 0 6 L
0.508580484 11 14 6 L
0.530824293 11 14 7 L
0.564166798 11 14 6 L
0.593291148 11 13 6 L
0.617755334 11 13 7 L
0.636240943 11 13 8 L
0.649195021 11 13 9 L
0.672355064 11 13 8 L
0.722216224 11 14 8 L
0.746588604 11 14 7 L
0.757266077 11 14 6 L
0.780180593 11 13 6 L
0.817166402 11 12 6 L
0.859194230 11 12 5 L
0.895850488 11 12 5 l
0.016524223 5 1 13 F
0.058356517 5 1 14 F
0.079197248 5 2 14 F
0.120887557 5 2 13 F
0.142667386 5 1 13 F
0.172159157 5 0 13 F
0.206889785 5 1 13 F
0.245311581 5 1 14 F
0.261438585 5 1 13 F
0.289741855 5 0 13 F
0.329856953 5 0 14 F
0.378627138 5 14 14 F
0.395134388 5 14 0 F
0.414650707 5 14 14 F
0.448783345 5 0 14 F
0.492917081 5 1 14 F
0.516271005 5 1 13 F
0.545481207 5 0 13 F
0.569972203 5 1 13 F
0.600341725 5 2 13 F
0.615880437 5 1 13 F
0.655918264 5 2 13 F
0.683148205 5 3 13 F
0.700979360 5 3 12 F
0.713385304 5 3 11 F
0.730992225 5 3 10 F
0.763282945 5 3 11 F
0.787557193 5 4 11 F
0.830472713 5 5 11 F
0.868552581 5 4 11 F
0.889222295 5 5 11 F
0.913448533 5 4 11 F
0.941892033 5 5 11 F
0.980731907 5 5 10 F
1.029560223 5 5 9 F
1.053929696 5 5 10 F
1.104788831 5 5 11 F
1.120506142 5 5 12 F
1.149199488 5 6 12 F
1.191060625 5 6 13 F
1.242192243 5 5 13 F
1.282306752 5 5 12 F
1.321945006 5 5 13 F
1.362243617 5 5 12 F
1.410729739 5 5 11 F
1.430314098 5 5 10 F
1.451890694 5 6 10 F
1.495909281 5 5 10 F
1.532868099 5 6 10 F
1.532870258 5 6 10 f
0.026460255 1 2 10 B
0.044082825 1 3 10 B
0.061350877 1 3 11 B
0.085162721 1 3 10 B
0.113125801 1 3 9 B
0.164860911 1 4 9 B
0.176633288 1 4 8 B
0.212119179 1 3 8 B
0.226541462 1 3 9 B
0.263486753 1 3 8 B
0.284206488 1 3 7 B
0.311387344 1 4 7 B
0.338581050 1 5 7 B
0.363997637 1 5 6 B
0.410786488 1 6 6 B
0.450820089 1 6 5 B
0.463593791 1 6 4 B
0.507394283 1 7 4 B
0.523057636 1 7 3 B
0.571784174 1 7 4 B
0.600361641 1 7 3 B
0.630357620 1 6 3 B
0.678221125 1 5 3 B
0.719210140 1 5 2 B
0.745389160 1 5 1 B
0.793455887 1 5 2 B
0.818866773 1 4 2 B
0.845241534 1 4 1 B
0.889278964 1 4 2 B
0.929412809 1 4 1 B
0.964149362 1 3 1 B
1.001248527 1 4 1 B
1.052040179 1 4 2 B
1.074576697 1 4 1 B
1.119334121 1 5 1 B
1.136902512 1 5 0 B
1.173733678 1 6 0 B
1.191259544 1 7 0 B
1.208525044 1 7 14 B
1.225403068 1 7 0 B
1.247493173 1 6 0 B
1.273048424 1 7 0 B
1.290871893 1 6 0 B
1.339364725 1 6 14 B
1.382495860 1 7 14 B
1.410803075 1 7 13 B
1.453720785 1 7 12 B
1.466577249 1 7 11 B
1.508847760 1 7 12 B
1.524188440 1 7 11 B
1.542572337 1 6 11 B
1.591190087 1 7 11 B
1.606941960 1 6 11 B
1.635424766 1 6 11 b
0.004449350 18 5 5 8
0.508631615 18 -1 -1 8
0.825544615 18 8 13 8
1.331384055 18 -1 -1 8
1.393456800 18 12 13 8
0.206832876 20 14 0 0
0.711453424 20 -1 -1 0
0.722235380 20 8 9 0
1.232396559 20 -1 -1 0
1.446932592 20 8 5 0
0.004753602 23 6 2 3
0.508618767 23 -1 -1 3
0.519368094 23 1 10 3
1.026245931 23 -1 -1 3
1.087222342 23 7 9 3
1.589364496 23 -1 -1 3
1.601248678 23 14 13 3
0.004654849 21 7 4 1
0.508603103 21 -1 -1 1
0.570024983 21 7 9 1
1.070539103 21 -1 -1 1
1.131411948 21 7 5 1
1.632247522 21 -1 -1 1
1.643432693 21 13 0 1
0.105234201 19 14 12 9
0.606293955 19 -1 -1 9
0.617649679 19 4 11 9
1.122299623 19 -1 -1 9
1.133219193 19 8 11 9
1.643508243 19 -1 -1 9
0.004698972 22 11 6 2
0.508592742 22 -1 -1 2
0.519342454 22 6 3 2
1.026238227 22 -1 -1 2
1.087247642 22 1 6 2
1.589355716 22 -1 -1 2
1.653000856 22 5 4 2
0.004575160 15 11 3 5
0.508625428 15 -1 -1 5
0.570038983 15 11 9 5
1.079401935 15 -1 -1 5
1.090209830 15 1 9 5
1.601032327 15 -1 -1 5
1.661508019 15 11 9 5
0.004694660 17 5 4 7
0.508610282 17 -1 -1 7
0.519357045 17 10 4 7
1.026222171 17 -1 -1 7
1.087237708 17 12 11 7
1.589311939 17 -1 -1 7
1.703516363 17 8 8 7
0.004795861 24 14 9 4
0.508677905 24 -1 -1 4
0.724290742 24 9 7 4
1.231057890 24 -1 -1 4
0.004653635 16 0 11 6
0.508638191 16 -1 -1 6
0.519236157 16 13 6 6
1.026230336 16 -1 -1 6
1.036488271 16 12 0 6
1.536677693 16 -1 -1 6
1.750623664 16 9 0 6
0.395130100 20 0 0 0
0.001843575 3 0 1 D
0.003966524 10 0 2 K
0.003974668 11 0 3 L
0.001836453 2 0 12 C
0.001630443 27 1 0 #
0.003938497 7 2 2 H
0.001627931 26 2 11 #
0.001858177 5 2 13 F
0.003958340 9 3 9 J
0.001828797 1 3 10 B
0.787553054 19 4 10 9
0.001681305 30 9 14 #
0.001820525 0 10 2 A
0.630353075 22 6 2 2
0.003949726 8 6 7 I
0.001688853 33 6 8 #
0.140371945 8 6 8 i
0.150424100 33 6 8 #
0.166833106 21 7 2 1
0.023435299 21 7 3 1
0.003991590 13 10 5 N
0.003999774 14 10 8 O
0.003982985 12 8 4 M
0.001663079 29 11 1 #
0.001683832 31 9 5 #
0.261458244 0 9 5 a
0.272382784 31 9 5 #
0.001686025 32 9 11 #
0.310210266 14 9 11 o
0.322096101 32 9 11 #
0.001656658 28 9 13 #
0.001690831 34 11 4 #
0.080880242 13 11 4 n
0.090920323 34 11 4 #
0.001850687 4 11 12 E
0.001865206 6 11 13 G
0.636235988 16 12 8 6
0.593286163 16 13 7 6
0.617750871 16 13 8 6
0.001624302 25 14 1 #
