-1 35 15 15
0.020761276 1 4 13 B
0.060777419 1 4 13 b
0.022122843 7 2 10 H
0.062709978 7 2 10 h
0.045343008 11 12 7 L
0.056984359 11 13 7 L
0.077379194 11 14 7 L
0.100705449 11 14 7 l
0.047527481 4 2 11 E
0.068691275 4 1 11 E
0.094899987 4 2 11 E
0.111698836 4 2 11 e
0.052325652 2 3 1 C
0.068702852 2 3 2 C
0.094917879 2 2 2 C
0.120297847 2 -1 -1 c
0.052265092 0 1 4 A
0.072591258 0 1 5 A
0.091934897 0 2 5 A
0.116425081 0 3 5 A
0.166188358 0 3 5 a
0.015872295 8 7 6 I
0.044250529 8 6 6 I
0.058806416 8 5 6 I
0.082690356 8 6 6 I
0.114516828 8 7 6 I
0.143802822 8 7 5 I
0.174138359 8 7 5 i
0.035750817 10 5 5 K
0.052233937 10 4 5 K
0.077365739 10 4 4 K
0.102630620 10 4 3 K
0.139870087 10 4 4 K
0.153656584 10 3 4 K
0.202575257 10 3 4 k
0.015891552 3 4 12 D
0.062702897 3 3 12 D
0.100771588 3 3 11 D
0.141886278 3 3 10 D
0.169318702 3 3 11 D
0.204276659 3 3 10 D
0.255306143 3 3 10 d
0.013145387 5 9 2 F
0.060737075 5 9 3 F
0.072716911 5 9 2 F
0.093305839 5 9 3 F
0.123431973 5 8 3 F
0.166427875 5 8 2 F
0.193625245 5 7 2 F
0.205473672 5 6 2 F
0.258967927 5 -1 -1 f
0.047685547 13 13 9 N
0.058935314 13 13 8 N
0.089998098 13 13 7 N
0.114471518 13 13 8 N
0.136365687 13 12 8 N
0.153666227 13 11 8 N
0.191765858 13 11 9 N
0.220935920 13 11 8 N
0.266708100 13 -1 -1 n
0.030615959 12 1 13 M
0.051974789 12 2 13 M
0.102384288 12 1 13 M
0.153528389 12 2 13 M
0.197769703 12 3 13 M
0.212043047 12 3 12 M
0.248245060 12 3 11 M
0.285283167 12 3 11 m
0.033457107 6 2 8 G
0.072567691 6 3 8 G
0.100809485 6 3 7 G
0.139809621 6 4 7 G
0.154592419 6 4 6 G
0.174385845 6 4 7 G
0.218229269 6 4 6 G
0.262882278 6 3 6 G
0.294125230 6 4 6 G
0.326337362 6 4 7 G
0.350848089 6 3 7 G
0.372257141 6 3 8 G
0.399503885 6 3 7 G
0.418048100 6 4 7 G
0.431778756 6 4 6 G
0.473835003 6 3 6 G
0.512728720 6 4 6 G
0.563451916 6 4 5 G
0.592868565 6 4 5 g
0.024794853 14 7 5 O
0.040303472 14 8 5 O
0.081481380 14 7 5 O
0.130095741 14 8 5 O
0.176026371 14 9 5 O
0.195590999 14 10 5 O
0.225740821 14 9 5 O
0.244335759 14 9 6 O
0.264823928 14 10 6 O
0.290295597 14 9 6 O
0.322411721 14 9 7 O
0.370248379 14 9 8 O
0.397626864 14 9 9 O
0.428885634 14 9 10 O
0.473655040 14 9 9 O
0.485349251 14 9 10 O
0.529209202 14 8 10 O
0.576337685 14 7 10 O
0.623955864 14 7 11 O
0.648312104 14 6 11 O
0.685403334 14 6 10 O
0.723868415 14 6 11 O
0.743028877 14 6 10 O
0.766420340 14 5 10 O
0.796796252 14 6 10 O
0.813292129 14 6 11 O
0.853322173 14 7 11 O
0.875781802 14 7 12 O
0.922625941 14 6 12 O
0.934382413 14 7 12 O
0.976247291 14 6 12 O
1.007497092 14 7 12 O
1.007499970 14 7 12 o
0.026636307 9 14 0 J
0.040337393 9 14 14 J
0.081535782 9 0 14 J
0.128381086 9 0 0 J
0.141950684 9 1 0 J
0.181911032 9 2 0 J
0.205458762 9 3 0 J
0.255226927 9 3 14 J
0.292144424 9 2 14 J
0.336327455 9 2 0 J
0.376290456 9 1 0 J
0.417994793 9 0 0 J
0.460968161 9 1 0 J
0.503911599 9 1 14 J
0.517593331 9 1 0 J
0.533345006 9 0 0 J
0.557680686 9 14 0 J
0.603481790 9 13 0 J
0.634824322 9 12 0 J
0.666981666 9 11 0 J
0.715653452 9 11 1 J
0.764706897 9 10 1 J
0.800829644 9 10 0 J
0.829850212 9 11 0 J
0.857483147 9 11 1 J
0.881279823 9 11 2 J
0.923764278 9 11 1 J
0.948955355 9 11 0 J
0.974427185 9 11 1 J
1.015416550 9 12 1 J
1.029251087 9 12 0 J
1.047537799 9 13 0 J
1.091483754 9 14 0 J
1.110209624 9 14 14 J
1.123298611 9 14 0 J
1.142791836 9 14 14 J
1.190545610 9 13 14 J
1.190548785 9 13 14 j
0.002938089 20 4 5 0
0.509753271 20 -1 -1 0
0.571301984 20 7 7 0
1.072962520 20 -1 -1 0
1.084678602 20 10 14 0
0.002686451 17 10 14 7
0.509768120 17 -1 -1 7
0.520844630 17 6 9 7
1.023154445 17 -1 -1 7
1.033911779 17 7 13 7
0.003306294 23 7 14 3
0.509817504 23 -1 -1 3
0.520860556 23 11 1 3
1.023165800 23 -1 -1 3
1.034088548 23 0 9 3
0.002856838 15 9 2 5
0.509761244 15 -1 -1 5
0.520821365 15 10 11 5
1.023159571 15 -1 -1 5
1.033922419 15 6 1 5
0.003103088 22 10 11 2
0.509737492 22 -1 -1 2
0.571332317 22 14 10 2
1.072862221 22 -1 -1 2
1.187307707 22 12 12 2
0.003137672 21 11 10 1
0.509862582 21 -1 -1 1
0.571319009 21 7 11 1
1.072895074 21 -1 -1 1
1.135660536 21 7 9 1
0.002903036 16 7 6 6
0.509746337 16 -1 -1 6
0.520774233 16 14 11 6
1.023138396 16 -1 -1 6
1.135621068 16 1 3 6
0.001974174 24 10 4 4
0.509825108 24 -1 -1 4
0.571437301 24 8 11 4
1.072900824 24 -1 -1 4
1.135664444 24 7 3 4
0.003067144 19 2 11 9
0.509724891 19 -1 -1 9
0.520796392 19 8 12 9
1.023147060 19 -1 -1 9
1.135638774 19 9 13 9
0.156517657 18 11 5 8
0.664002309 18 -1 -1 8
0.674726125 18 11 4 8
1.178649044 18 -1 -1 8
1.241001944 18 14 12 8
0.001587504 31 0 4 #
0.001746171 0 0 4 A
0.001818376 12 0 13 M
0.001785361 6 1 8 G
0.001581525 28 2 1 #
0.109616990 2 2 1 c
0.120295055 28 2 1 #
0.001791338 7 2 9 H
0.047519850 19 2 12 9
0.001763455 2 3 2 C
0.153652144 20 3 3 0
0.116419255 20 3 4 0
0.052228987 20 3 5 0
0.001774276 4 3 11 E
0.001768952 3 3 12 D
0.001757761 1 3 13 B
0.001807641 10 5 4 K
0.922618851 21 5 12 1
0.001802455 9 14 14 J
0.001593686 34 6 3 #
0.248290234 5 6 3 f
0.258964768 34 6 3 #
0.001796674 8 6 6 I
0.875776540 21 6 12 1
0.001578491 27 6 14 #
0.623948248 21 7 12 1
0.166342420 15 8 1 5
0.013140379 15 8 2 5
0.001828933 14 8 5 O
0.015866355 16 8 6 6
0.001576223 26 9 0 #
0.001779501 5 9 1 F
0.001589930 32 11 7 #
0.001812745 11 11 7 L
0.255243754 13 11 7 n
0.266706843 32 11 7 #
0.001583469 29 10 12 #
0.715648577 23 11 2 3
0.001823413 13 13 10 N
0.881271073 23 12 2 3
0.001573156 25 13 13 #
0.001585292 30 14 2 #
0.001591868 33 12 3 #
