-1  25  15  15
 0.024297263  4  14  6 E
 0.158692963  4  14  6 e
 0.025987945  12  5  8 M
 0.069238276  12  4  8 M
 0.186676768  12  4  8 m
 0.025057772  7  14  5 H
 0.190735299  7  14  5 h
 0.026190254  13  3  9 N
 0.075714041  13  3  8 N
 0.216322887  13  3  8 n
 0.025731768  10  1  13 K
 0.052863842  10  2  13 K
 0.104052463  10  1  13 K
 0.149482134  10  1  12 K
 0.163660681  10  1  13 K
 0.192360351  10  0  13 K
 0.261413122  10  14  13 K
 0.280589275  10  13  13 K
 0.294711550  10  12  13 K
 0.321992848  10  12  14 K
 0.391204515  10  12  14 k
 0.024568705  5  10  14 F
 0.075829115  5  11  14 F
 0.107062444  5  11  0 F
 0.134003277  5  12  0 F
 0.161154906  5  13  0 F
 0.199483596  5  13  1 F
 0.239910828  5  13  0 F
 0.261334544  5  12  0 F
 0.282690632  5  12  1 F
 0.324088901  5  12  2 F
 0.354238720  5  12  1 F
 0.407738148  5  12  0 F
 0.524709840  5  12  0 f
 0.025273468  8  0  4 I
 0.090683898  8  1  4 I
 0.127845320  8  1  3 I
 0.174902963  8  1  2 I
 0.218700483  8  1  3 I
 0.249817863  8  0  3 I
 0.288727024  8  14  3 I
 0.336732956  8  14  4 I
 0.361446535  8  0  4 I
 0.382753663  8  14  4 I
 0.415448710  8  14  3 I
 0.459723225  8  14  4 I
 0.589827404  8  14  4 i
 0.025488690  9  7  6 J
 0.075845927  9  8  6 J
 0.116777179  9  7  6 J
 0.151795627  9  7  7 J
 0.199499313  9  7  8 J
 0.210307385  9  6  8 J
 0.240746051  9  6  9 J
 0.258765216  9  6  10 J
 0.304585532  9  7  10 J
 0.346664818  9  8  10 J
 0.398847567  9  9  10 J
 0.425358735  9  9  11 J
 0.445055437  9  10  11 J
 0.477557091  9  9  11 J
 0.490706001  9  9  10 J
 0.551606122  9  9  9 J
 0.666131910  9  9  9 j
 0.025920848  11  5  14 L
 0.057753533  11  4  14 L
 0.092656460  11  4  13 L
 0.129826385  11  5  13 L
 0.192340689  11  4  13 L
 0.220500762  11  3  13 L
 0.262668771  11  3  14 L
 0.274595979  11  3  0 L
 0.286685282  11  2  0 L
 0.330027592  11  3  0 L
 0.356789189  11  3  14 L
 0.400727911  11  3  13 L
 0.433687220  11  3  12 L
 0.465144400  11  3  13 L
 0.510055850  11  2  13 L
 0.532831377  11  3  13 L
 0.569932451  11  2  13 L
 0.595739409  11  1  13 L
 0.607990517  11  1  12 L
 0.647637093  11  2  12 L
 0.672125902  11  2  12 l
 0.024928957  6  6  5 G
 0.063717500  6  6  4 G
 0.083332481  6  7  4 G
 0.108655728  6  8  4 G
 0.138451395  6  9  4 G
 0.161890135  6  8  4 G
 0.197742224  6  8  5 G
 0.244619349  6  8  4 G
 0.258743244  6  8  5 G
 0.271251163  6  8  6 G
 0.286254302  6  8  7 G
 0.302657574  6  7  7 G
 0.324214548  6  8  7 G
 0.366559094  6  9  7 G
 0.409695800  6  10  7 G
 0.451902830  6  10  8 G
 0.490689197  6  9  8 G
 0.504293026  6  9  9 G
 0.551559796  6  9  8 G
 0.686872042  6  9  8 g
 0.023518709  0  10  5 A
 0.086652715  0  10  4 A
 0.124743962  0  9  4 A
 0.138365385  0  9  5 A
 0.160325457  0  9  6 A
 0.201729900  0  8  6 A
 0.226721773  0  8  7 A
 0.265991110  0  7  7 A
 0.282120139  0  7  8 A
 0.326223567  0  7  7 A
 0.344504555  0  7  8 A
 0.382784381  0  6  8 A
 0.415802624  0  6  7 A
 0.459193131  0  6  6 A
 0.472210574  0  5  6 A
 0.502537149  0  4  6 A
 0.535030195  0  3  6 A
 0.563122400  0  4  6 A
 0.610757447  0  4  5 A
 0.625432276  0  5  5 A
 0.661888771  0  6  5 A
 0.711776452  0  5  5 A
 0.750746456  0  5  6 A
 0.750747588  0  5  6 a
 0.026420471  14  3  10 O
 0.051720874  14  2  10 O
 0.094278378  14  2  9 O
 0.109186423  14  3  9 O
 0.151744409  14  3  10 O
 0.165608817  14  3  9 O
 0.201753085  14  2  9 O
 0.232164341  14  2  10 O
 0.242655845  14  1  10 O
 0.282628947  14  0  10 O
 0.301271661  14  1  10 O
 0.313730799  14  1  9 O
 0.346679060  14  1  10 O
 0.362713647  14  1  11 O
 0.394748024  14  2  11 O
 0.419707270  14  3  11 O
 0.445878533  14  2  11 O
 0.460030167  14  2  10 O
 0.485845270  14  3  10 O
 0.509615522  14  3  11 O
 0.524078681  14  4  11 O
 0.564597860  14  4  12 O
 0.590009083  14  3  12 O
 0.622724274  14  4  12 O
 0.639210486  14  4  11 O
 0.651866346  14  4  12 O
 0.694701828  14  3  12 O
 0.737220066  14  3  11 O
 0.771557136  14  4  11 O
 0.802532105  14  3  11 O
 0.853761693  14  4  11 O
 0.887773632  14  3  11 O
 0.923857344  14  4  11 O
 0.939687268  14  5  11 O
 0.957705528  14  5  12 O
 0.986092534  14  5  11 O
 1.008964548  14  4  11 O
 1.033144318  14  4  12 O
 1.071729634  14  5  12 O
 1.109076592  14  6  12 O
 1.153707910  14  5  12 O
 1.185962204  14  6  12 O
 1.216716483  14  6  11 O
 1.227304225  14  6  12 O
 1.227305454  14  6  12 o
 0.023813212  1  12  13 B
 0.076827492  1  11  13 B
 0.136822079  1  12  13 B
 0.183717532  1  13  13 B
 0.233498488  1  12  13 B
 0.262147529  1  12  12 B
 0.296362930  1  12  11 B
 0.324068557  1  13  11 B
 0.341843830  1  12  11 B
 0.398814256  1  11  11 B
 0.441709929  1  12  11 B
 0.487476698  1  12  10 B
 0.520529142  1  12  9 B
 0.569711750  1  12  8 B
 0.582539422  1  11  8 B
 0.618736154  1  12  8 B
 0.642321036  1  13  8 B
 0.680796956  1  14  8 B
 0.730692755  1  0  8 B
 0.741386326  1  14  8 B
 0.766732634  1  13  8 B
 0.790064305  1  13  7 B
 0.834168254  1  12  7 B
 0.875680468  1  12  8 B
 0.909210429  1  12  7 B
 0.934396307  1  12  6 B
 0.984457146  1  12  7 B
 1.032816644  1  13  7 B
 1.053725249  1  13  6 B
 1.103442049  1  13  7 B
 1.117056882  1  12  7 B
 1.167099188  1  12  8 B
 1.191674379  1  13  8 B
 1.213176218  1  13  9 B
 1.237915244  1  13  10 B
 1.250328471  1  13  10 b
 0.024193932  3  9  11 D
 0.081394977  3  9  12 D
 0.124769553  3  8  12 D
 0.161985409  3  8  13 D
 0.177809136  3  7  13 D
 0.197404280  3  8  13 D
 0.215457876  3  7  13 D
 0.238418542  3  8  13 D
 0.268755771  3  8  14 D
 0.291946410  3  9  14 D
 0.328083113  3  8  14 D
 0.369818338  3  9  14 D
 0.410240698  3  9  0 D
 0.458721536  3  9  1 D
 0.496154569  3  9  2 D
 0.511247582  3  8  2 D
 0.527309724  3  8  1 D
 0.576703831  3  7  1 D
 0.616805444  3  6  1 D
 0.643728400  3  6  2 D
 0.664552522  3  6  1 D
 0.701819546  3  5  1 D
 0.713191136  3  4  1 D
 0.762715920  3  5  1 D
 0.799057679  3  5  2 D
 0.815409919  3  5  3 D
 0.837429932  3  4  3 D
 0.860553944  3  5  3 D
 0.905014209  3  6  3 D
 0.921487184  3  7  3 D
 0.963836963  3  8  3 D
 0.991735365  3  8  2 D
 1.008563196  3  7  2 D
 1.021387704  3  7  1 D
 1.067561841  3  8  1 D
 1.093343434  3  8  2 D
 1.139598978  3  7  2 D
 1.150187617  3  7  1 D
 1.190944213  3  6  1 D
 1.229561671  3  7  1 D
 1.251713042  3  7  0 D
 1.302760527  3  8  0 D
 1.332288889  3  8  14 D
 1.367452403  3  7  14 D
 1.412021740  3  7  13 D
 1.449760324  3  8  13 D
 1.467574223  3  8  14 D
 1.481602735  3  8  13 D
 1.505761288  3  8  12 D
 1.541360343  3  8  11 D
 1.566487921  3  8  10 D
 1.586536821  3  8  11 D
 1.586538471  3  8  11 d
 0.024045422  2  0  0 C
 0.090666302  2  0  14 C
 0.136368497  2  14  14 C
 0.161139564  2  14  13 C
 0.177781725  2  14  12 C
 0.215438498  2  14  13 C
 0.261329729  2  14  12 C
 0.297416222  2  0  12 C
 0.332788350  2  14  12 C
 0.371742296  2  14  11 C
 0.403734912  2  14  10 C
 0.418787545  2  14  9 C
 0.460783017  2  14  8 C
 0.494447596  2  14  9 C
 0.508710016  2  14  8 C
 0.547278463  2  14  7 C
 0.571724201  2  14  8 C
 0.613755605  2  0  8 C
 0.626735328  2  1  8 C
 0.659776165  2  1  7 C
 0.681791570  2  1  6 C
 0.725304423  2  1  7 C
 0.772734985  2  1  8 C
 0.810708994  2  2  8 C
 0.847173746  2  2  9 C
 0.873713876  2  2  10 C
 0.915595752  2  3  10 C
 0.937283226  2  2  10 C
 0.974547361  2  3  10 C
 1.024415948  2  3  9 C
 1.060459779  2  2  9 C
 1.093343261  2  1  9 C
 1.134377044  2  0  9 C
 1.169922740  2  0  10 C
 1.203786884  2  1  10 C
 1.239700061  2  1  9 C
 1.265736396  2  0  9 C
 1.289760148  2  14  9 C
 1.319580437  2  14  8 C
 1.335305002  2  14  7 C
 1.374691708  2  0  7 C
 1.423718682  2  1  7 C
 1.462127728  2  1  8 C
 1.496311821  2  1  7 C
 1.525728888  2  1  8 C
 1.569350892  2  1  9 C
 1.590712632  2  0  9 C
 1.621884014  2  1  9 C
 1.668196233  2  1  10 C
 1.690242790  2  2  10 C
 1.720327937  2  1  10 C
 1.748441850  2  2  10 C
 1.788206717  2  3  10 C
 1.832019739  2  2  10 C
 1.850444031  2  1  10 C
 1.877579277  2  0  10 C
 1.913499996  2  14  10 C
 1.928885926  2  14  9 C
 1.959209812  2  14  8 C
 2.001264706  2  14  9 C
 2.039717018  2  14  8 C
 2.050825676  2  14  9 C
 2.075519024  2  14  10 C
 2.105040176  2  14  11 C
 2.119845889  2  14  10 C
 2.142822386  2  0  10 C
 2.179514696  2  1  10 C
 2.200801422  2  1  11 C
 2.232563936  2  2  11 C
 2.247711783  2  3  11 C
 2.281723760  2  2  11 C
 2.293211335  2  1  11 C
 2.316685760  2  1  10 C
 2.333700414  2  2  10 C
 2.346684000  2  1  10 C
 2.374341217  2  0  10 C
 2.397094276  2  14  10 C
 2.538168302  2  14  10 c
 0.033769678  21  13  1 1
 0.533774772  21 -1 -1 1
 0.533780308  21  13  0 1
 1.033784304  21 -1 -1 1
 1.033788616  21  0  1 1
 1.533791929  21 -1 -1 1
 1.533796073  21  7  1 1
 2.037371146  21 -1 -1 1
 2.037379197  21  5  4 1
 2.538210658  21 -1 -1 1
 0.076854661  19  12  13 9
 0.579709617  19 -1 -1 9
 0.579714455  19  14  12 9
 1.087675782  19 -1 -1 9
 1.087719507  19  9  10 9
 1.588762107  19 -1 -1 9
 1.588777305  19  0  4 9
 2.092802260  19 -1 -1 9
 2.092809557  19  11  9 9
 0.028004053  16  11  5 6
 0.535061957  16 -1 -1 6
 0.535065374  16  8  9 6
 1.035069860  16 -1 -1 6
 1.035073953  16  14  10 6
 1.542667425  16 -1 -1 6
 1.542672175  16  13  1 6
 2.044678600  16 -1 -1 6
 2.044685026  16  0  5 6
 0.031782552  18  11  13 8
 0.537684838  18 -1 -1 8
 0.537690642  18  2  6 8
 1.037710351  18 -1 -1 8
 1.037716149  18  1  13 8
 1.538721490  18 -1 -1 8
 1.538726282  18  5  7 8
 2.038735340  18 -1 -1 8
 2.038742489  18  3  1 8
 0.035848369  24  12  0 4
 0.539641020  24 -1 -1 4
 0.539645120  24  6  8 4
 1.039683789  24 -1 -1 4
 1.039691070  24  0  5 4
 1.544663482  24 -1 -1 4
 1.544668326  24  7  6 4
 2.049685779  24 -1 -1 4
 2.049690914  24  12  3 4
 0.029746165  22  4  2 2
 0.531217821  22 -1 -1 2
 0.531225554  22  1  3 2
 1.035677407  22 -1 -1 2
 1.035681407  22  0  10 2
 1.538674569  22 -1 -1 2
 1.538680800  22  10  3 2
 2.045685226  22 -1 -1 2
 2.045689726  22  0  3 2
 0.037746429  23  10  7 3
 0.537751275  23 -1 -1 3
 0.537757077  23  2  11 3
 1.045775445  23 -1 -1 3
 1.045786849  23  11  11 3
 1.545801501  23 -1 -1 3
 1.545806066  23  9  10 3
 2.046686513  23 -1 -1 3
 2.046691092  23  6  4 3
 0.031783913  17  1  3 7
 0.533726407  17 -1 -1 7
 0.533730868  17  11  0 7
 1.033744285  17 -1 -1 7
 1.033749536  17  0  0 7
 1.533765367  17 -1 -1 7
 1.533773038  17  10  4 7
 2.033781710  17 -1 -1 7
 2.033788626  17  0  0 7
 2.533829053  17 -1 -1 7
 2.533836429  17  8  13 7
 0.028070202  20  7  3 0
 0.535691770  20 -1 -1 0
 0.535698758  20  13  4 0
 1.041779726  20 -1 -1 0
 1.041789050  20  12  11 0
 1.546817563  20 -1 -1 0
 1.546825416  20  5  12 0
 2.052785062  20 -1 -1 0
 2.052789796  20  13  11 0
 0.029807245  15  1  10 5
 0.531923585  15 -1 -1 5
 0.531928901  15  9  5 5
 1.039728252  15 -1 -1 5
 1.039760931  15  0  8 5
 1.540728929  15 -1 -1 5
 1.540733092  15  4  11 5
 2.044691325  15 -1 -1 5
 2.044697050  15  13  12 5
 0.282627406  15  14  10 5
 1.169921241  22  0  11 2
 0.127841420  17  2  3 7
 0.242654286  15  0  10 5
 0.409694266  23  11  7 3
 0.076825646  18  10  13 8
 0.134001279  24  13  0 4
 0.136819659  19  13  13 9
 0.161153380  24  14  0 4
 0.199482052  21  14  1 1
 0.183715949  19  13  14 9
 0.403733319  15  13  10 5
