-1  35  15  15
 0.021290749  11  0  4 L
 0.066891769  11  14  4 l
 0.124000193  11 -1 -1 l
 0.019554478  6  5  0 G
 0.084225191  6  6  0 g
 0.136314727  6 -1 -1 g
 0.017468094  2  4  7 C
 0.077420780  2  5  7 C
 0.112756573  2  5  6 C
 0.128350840  2  6  6 c
 0.178474991  2 -1 -1 c
 0.017075068  0  2  14 A
 0.065350997  0  3  14 A
 0.105238654  0  4  14 A
 0.144251753  0  5  14 A
 0.159174649  0  6  14 A
 0.196295145  0  6  13 A
 0.244980644  0  6  14 A
 0.267973960  0  6  0 a
 0.318121137  0 -1 -1 a
 0.017327120  1  9  3 B
 0.052299840  1  10  3 B
 0.084246784  1  11  3 B
 0.136283282  1  11  2 B
 0.158215958  1  11  1 B
 0.182234063  1  12  1 B
 0.200735982  1  11  1 B
 0.251203452  1  11  2 B
 0.297978908  1  12  2 b
 0.348127325  1 -1 -1 b
 0.019669604  7  8  0 H
 0.053255233  7  8  1 H
 0.072296955  7  8  0 H
 0.118302952  7  8  14 H
 0.147810727  7  8  0 H
 0.192279967  7  8  14 H
 0.204354484  7  8  0 H
 0.247243962  7  7  0 H
 0.318140852  7  6  0 h
 0.368318055  7 -1 -1 h
 0.021427698  13  13  7 N
 0.066912073  13  13  8 N
 0.109894202  13  13  7 N
 0.145221710  13  14  7 N
 0.176976896  13  14  8 N
 0.217218182  13  0  8 N
 0.250024581  13  0  9 N
 0.268243656  13  14  9 N
 0.299993974  13  13  9 N
 0.317957848  13  12  9 N
 0.362231539  13  12  10 N
 0.385889179  13  12  11 N
 0.410867271  13  11  11 N
 0.410868781  13  11  11 n
 0.019847109  9  12  2 J
 0.056221563  9  11  2 J
 0.097231607  9  10  2 J
 0.145666797  9  10  1 J
 0.176226725  9  10  0 J
 0.212222422  9  10  1 J
 0.227233662  9  10  0 J
 0.257738745  9  10  14 J
 0.271035672  9  10  0 J
 0.309540511  9  11  0 J
 0.347228660  9  11  1 J
 0.366069014  9  10  1 J
 0.408225563  9  9  1 J
 0.425388165  9  10  1 J
 0.444211357  9  11  1 J
 0.444212563  9  11  1 j
 0.019283198  4  6  4 E
 0.043220797  4  6  3 E
 0.093229117  4  6  4 E
 0.111190810  4  7  4 E
 0.124918891  4  8  4 E
 0.161205097  4  8  3 E
 0.196681009  4  8  4 E
 0.232544337  4  7  4 E
 0.261641464  4  8  4 E
 0.293109791  4  9  4 E
 0.336255848  4  8  4 E
 0.376471245  4  7  4 E
 0.388336425  4  7  5 E
 0.415100159  4  7  6 E
 0.464211494  4  8  6 E
 0.489843185  4  7  6 E
 0.511196628  4  7  7 E
 0.538133308  4  6  7 E
 0.586758211  4  6  6 e
 0.637228118  4 -1 -1 e
 0.021216153  10  7  12 K
 0.073212899  10  6  12 K
 0.119242814  10  7  12 K
 0.145204017  10  7  13 K
 0.175065070  10  8  13 K
 0.220622261  10  9  13 K
 0.246327932  10  9  12 K
 0.277284347  10  10  12 K
 0.293135181  10  10  13 K
 0.312200032  10  11  13 K
 0.356766098  10  11  14 K
 0.391003587  10  11  0 K
 0.431960521  10  10  0 K
 0.478512799  10  11  0 K
 0.501717356  10  10  0 K
 0.528107492  10  11  0 K
 0.540246541  10  12  0 K
 0.587461937  10  12  1 K
 0.637212687  10  12  2 k
 0.687385532  10 -1 -1 k
 0.017549484  3  13  3 D
 0.039693892  3  13  4 D
 0.093200430  3  13  5 D
 0.111218434  3  13  4 D
 0.124715650  3  12  4 D
 0.170212882  3  11  4 D
 0.220644625  3  11  3 D
 0.247948774  3  11  4 D
 0.285202071  3  11  5 D
 0.315203883  3  10  5 D
 0.349219945  3  10  4 D
 0.385101164  3  11  4 D
 0.426083404  3  10  4 D
 0.474009075  3  10  5 D
 0.516727366  3  9  5 D
 0.580305224  3  8  5 D
 0.606238893  3  9  5 D
 0.719117266  3  9  5 d
 0.019770089  8  6  8 I
 0.060259793  8  6  7 I
 0.101282026  8  6  8 I
 0.151279316  8  5  8 I
 0.183338491  8  6  8 I
 0.234255257  8  7  8 I
 0.261621387  8  8  8 I
 0.310239500  8  9  8 I
 0.348154945  8  9  7 I
 0.385126721  8  8  7 I
 0.397232670  8  8  6 I
 0.446802293  8  8  7 I
 0.492233963  8  8  6 I
 0.539481134  8  8  5 I
 0.580188454  8  8  4 I
 0.613588000  8  9  4 I
 0.732721047  8  9  4 i
 0.021358821  12  2  3 M
 0.060228490  12  2  4 M
 0.081549549  12  2  5 M
 0.124896811  12  1  5 M
 0.151256769  12  1  4 M
 0.174224269  12  1  3 M
 0.198203106  12  0  3 M
 0.244937842  12  0  2 M
 0.297964176  12  0  1 M
 0.322636553  12  0  0 M
 0.340213539  12  0  14 M
 0.361180377  12  14  14 M
 0.411167121  12  0  14 M
 0.462234928  12  0  0 M
 0.495214009  12  0  14 M
 0.531224853  12  0  0 M
 0.566983383  12  0  14 M
 0.597052353  12  0  0 M
 0.610222649  12  14  0 M
 0.661257345  12  14  14 M
 0.711226915  12  14  0 M
 0.727711254  12  0  0 M
 0.763227851  12  14  0 M
 0.800469109  12  13  0 M
 0.823257561  12  13  1 M
 0.839697371  12  13  2 M
 0.856445374  12  12  2 m
 0.906676351  12 -1 -1 m
 0.021495227  14  13  0 O
 0.039668800  14  13  14 O
 0.084274247  14  13  0 O
 0.097207909  14  14  0 O
 0.145183024  14  13  0 O
 0.163933657  14  13  14 O
 0.182560754  14  13  0 O
 0.205905791  14  14  0 O
 0.244957984  14  0  0 O
 0.273726993  14  0  1 O
 0.297934421  14  1  1 O
 0.321230645  14  1  0 O
 0.332048069  14  1  1 O
 0.356739262  14  2  1 O
 0.376579426  14  1  1 O
 0.421214676  14  2  1 O
 0.452998957  14  3  1 O
 0.484240549  14  4  1 O
 0.496022630  14  5  1 O
 0.521238313  14  4  1 O
 0.568944211  14  3  1 O
 0.587439180  14  3  0 O
 0.603318732  14  4  0 O
 0.617734196  14  4  14 O
 0.630267568  14  3  14 O
 0.644010749  14  2  14 O
 0.686631861  14  1  14 O
 0.711542680  14  0  14 O
 0.749453409  14  0  13 O
 0.783455809  14  14  13 O
 0.832331100  14  13  13 O
 0.879950587  14  13  14 O
 0.924960709  14  12  14 o
 0.975125199  14 -1 -1 o
 0.019425612  5  0  11 F
 0.065329598  5  14  11 F
 0.080251026  5  14  12 F
 0.119246812  5  14  13 F
 0.169265653  5  13  13 F
 0.188479532  5  12  13 F
 0.236852040  5  13  13 F
 0.271673401  5  12  13 F
 0.283549178  5  13  13 F
 0.310263754  5  13  12 F
 0.332507099  5  14  12 F
 0.364232573  5  14  11 F
 0.401282679  5  13  11 F
 0.435973478  5  13  12 F
 0.473719342  5  13  11 F
 0.513245559  5  14  11 F
 0.551187103  5  14  12 F
 0.597273510  5  14  11 F
 0.620279262  5  14  10 F
 0.645761145  5  14  9 F
 0.676742793  5  14  8 F
 0.688723374  5  14  7 F
 0.715349449  5  14  8 F
 0.744659424  5  14  7 F
 0.763966093  5  14  8 F
 0.784301146  5  14  7 F
 0.829110859  5  14  8 F
 0.846958819  5  13  8 F
 0.864633746  5  13  9 F
 0.901349894  5  12  9 F
 0.918341058  5  12  10 F
 0.929670944  5  12  11 F
 0.949391266  5  13  11 F
 0.986277184  5  13  10 F
 1.032389811  5  13  11 F
 1.074266778  5  12  11 F
 1.225445495  5  12  11 f
 0.031240639  22  8  14 2
 0.534206526  22 -1 -1 2
 0.534211803  22  11  4 2
 1.055256812  22 -1 -1 2
 1.109265916  22  10  9 2
 0.073256718  20  7  12 0
 0.573265831  20 -1 -1 0
 0.573275317  20  13  4 0
 1.074218418  20 -1 -1 0
 1.074225965  20  2  12 0
 0.039290263  16  11  8 6
 0.545211623  16 -1 -1 6
 0.545216648  16  9  7 6
 1.045226464  16 -1 -1 6
 1.045233451  16  12  3 6
 0.024950529  23  14  1 3
 0.528139271  23 -1 -1 3
 0.528144803  23  4  10 3
 1.037281877  23 -1 -1 3
 1.037289170  23  13  1 3
 0.024969980  15  12  10 5
 0.530369005  15 -1 -1 5
 0.530375637  15  14  5 5
 1.041239803  15 -1 -1 5
 1.092228266  15  10  10 5
 0.027266008  21  3  0 1
 0.533253529  21 -1 -1 1
 0.533260028  21  6  1 1
 1.039242804  21 -1 -1 1
 1.039248447  21  10  4 1
 0.033246800  17  6  11 7
 0.537239032  17 -1 -1 7
 0.537246280  17  3  3 7
 1.037265185  17 -1 -1 7
 1.037273707  17  12  3 7
 0.035282552  18  1  4 8
 0.541611794  18 -1 -1 8
 0.541617060  18  6  8 8
 1.041650191  18 -1 -1 8
 1.041656346  18  2  7 8
 0.037410322  19  8  14 9
 0.545256048  19 -1 -1 9
 0.545261454  19  6  14 9
 1.045265775  19 -1 -1 9
 1.045271082  19  7  13 9
 0.029231346  24  14  1 4
 0.529264585  24 -1 -1 4
 0.529270530  24  9  8 4
 1.033507262  24 -1 -1 4
 1.033523876  24  8  10 4
 0.016875288  27  0  12 #
 0.151254877  18  0  4 8
 0.016884729  32  1  12 #
 0.016882559  31  4  2 #
 0.016864432  25  4  11 #
 0.016879179  29  6  0 #
 0.136313541  29  6  0 #
 0.318094962  29  6  0 #
 0.368316717  29  6  0 #
 0.016880912  30  6  6 #
 0.178473920  30  6  6 #
 0.637227143  30  6  6 #
 0.016888523  34  7  1 #
 0.119240749  20  8  12 0
 0.118300598  19  9  14 9
 0.016877203  28  12  2 #
 0.348126350  28  12  2 #
 0.687384403  28  12  2 #
 0.906674693  28  12  2 #
 0.362229717  15  13  10 5
 0.016873126  26  12  14 #
 0.975124178  26  12  14 #
 0.016886653  33  14  4 #
 0.123998850  33  14  4 #
