-1  25  15  15
 0.011941028  10  13  1 K
 0.056083126  10  13  2 K
 0.102603670  10  14  2 K
 0.145659763  10  13  2 K
 0.258998765  10  13  2 k
 0.010112437  1  0  4 B
 0.053727817  1  14  4 B
 0.094684873  1  14  3 B
 0.145707326  1  14  2 B
 0.276513070  1  14  2 b
 0.011769863  9  2  5 J
 0.053708105  9  3  5 J
 0.101188224  9  3  4 J
 0.121648150  9  2  4 J
 0.158778301  9  2  3 J
 0.175817190  9  2  4 J
 0.189617497  9  1  4 J
 0.217670618  9  1  3 J
 0.230792423  9  2  3 J
 0.265700684  9  2  4 J
 0.287262907  9  2  3 J
 0.334943310  9  1  3 J
 0.355538821  9  1  2 J
 0.407186988  9  0  2 J
 0.545553421  9  0  2 j
 0.012614391  13  1  3 N
 0.067691746  13  2  3 N
 0.111637577  13  1  3 N
 0.184451538  13  1  2 N
 0.230834231  13  1  3 N
 0.266707490  13  1  4 N
 0.316561674  13  2  4 N
 0.355502957  13  2  5 N
 0.389924516  13  3  5 N
 0.437475666  13  3  6 N
 0.469503029  13  3  7 N
 0.490084923  13  4  7 N
 0.524134635  13  5  7 N
 0.555021129  13  5  6 N
 0.555022427  13  5  6 n
 0.009836853  0  1  2 A
 0.056070157  0  1  1 A
 0.077111039  0  1  2 A
 0.113488863  0  1  1 A
 0.139687347  0  1  2 A
 0.184410557  0  1  1 A
 0.230854092  0  1  2 A
 0.263757624  0  2  2 A
 0.334985095  0  2  3 A
 0.378866644  0  3  3 A
 0.407160171  0  3  4 A
 0.437262177  0  4  4 A
 0.453114038  0  4  5 A
 0.502561106  0  5  5 A
 0.524418517  0  5  6 A
 0.550738419  0  5  5 A
 0.691786522  0  5  5 a
 0.010981772  6  8  14 G
 0.065660883  6  9  14 G
 0.085946662  6  10  14 G
 0.124011861  6  11  14 G
 0.136691760  6  10  14 G
 0.165684756  6  10  0 G
 0.180741085  6  10  1 G
 0.209919543  6  11  1 G
 0.230489273  6  12  1 G
 0.277714783  6  12  0 G
 0.291639741  6  12  14 G
 0.317381207  6  11  14 G
 0.357187282  6  11  13 G
 0.384107662  6  11  12 G
 0.424876936  6  11  13 G
 0.445358269  6  10  13 G
 0.467615011  6  11  13 G
 0.498946158  6  10  13 G
 0.523328637  6  11  13 G
 0.568697425  6  11  12 G
 0.586139357  6  11  11 G
 0.603662063  6  12  11 G
 0.643696303  6  12  10 G
 0.682649041  6  12  9 G
 0.702315266  6  12  9 g
 0.010604913  4  0  10 E
 0.065690108  4  0  11 E
 0.081368539  4  0  12 E
 0.107629182  4  0  11 E
 0.151531707  4  0  12 E
 0.170672774  4  0  11 E
 0.191905229  4  14  11 E
 0.230136727  4  14  10 E
 0.265659095  4  14  9 E
 0.276689129  4  14  8 E
 0.294458641  4  14  7 E
 0.334335663  4  14  6 E
 0.358163291  4  0  6 E
 0.382428936  4  0  5 E
 0.430359439  4  0  6 E
 0.456205509  4  14  6 E
 0.492043649  4  14  7 E
 0.503616546  4  0  7 E
 0.550338497  4  0  6 E
 0.591613599  4  0  5 E
 0.632609569  4  0  4 E
 0.663819642  4  1  4 E
 0.780694147  4  1  4 e
 0.012715855  14  5  5 O
 0.067660629  14  5  6 O
 0.102124453  14  5  7 O
 0.118060359  14  4  7 O
 0.149647681  14  3  7 O
 0.196640282  14  3  6 O
 0.219647837  14  3  7 O
 0.255956409  14  2  7 O
 0.304458202  14  2  6 O
 0.315529688  14  2  5 O
 0.355462754  14  2  6 O
 0.389948590  14  3  6 O
 0.437282472  14  4  6 O
 0.475608520  14  3  6 O
 0.520415999  14  2  6 O
 0.552383730  14  2  5 O
 0.574648890  14  1  5 O
 0.613898303  14  1  4 O
 0.663758655  14  1  3 O
 0.786630871  14  1  3 o
 0.010172304  2  8  3 C
 0.067711864  2  9  3 C
 0.091861027  2  8  3 C
 0.113460038  2  7  3 C
 0.131666538  2  6  3 C
 0.151514522  2  6  2 C
 0.169657031  2  6  3 C
 0.207636722  2  6  2 C
 0.219626835  2  6  1 C
 0.244534670  2  5  1 C
 0.269549096  2  5  2 C
 0.287282260  2  6  2 C
 0.336114390  2  5  2 C
 0.353984400  2  6  2 C
 0.397359648  2  7  2 C
 0.440067297  2  6  2 C
 0.463677161  2  6  1 C
 0.479594397  2  5  1 C
 0.491153350  2  5  0 C
 0.503600238  2  5  14 C
 0.520386341  2  5  0 C
 0.568738503  2  6  0 C
 0.608042299  2  6  14 C
 0.650982407  2  7  14 C
 0.696946874  2  7  13 C
 0.714640057  2  6  13 C
 0.734714279  2  7  13 C
 0.758693124  2  7  14 C
 0.769658007  2  8  14 C
 0.813375323  2  9  14 C
 0.837700242  2  9  13 C
 0.869752312  2  9  13 c
 0.011238306  7  10  4 H
 0.056040687  7  9  4 H
 0.086985979  7  9  5 H
 0.138642874  7  9  6 H
 0.180757289  7  9  5 H
 0.214717601  7  9  6 H
 0.255344173  7  9  5 H
 0.286624779  7  9  4 H
 0.308038610  7  8  4 H
 0.333066232  7  7  4 H
 0.381020364  7  7  3 H
 0.440109936  7  7  2 H
 0.490116585  7  8  2 H
 0.527127140  7  8  1 H
 0.561158821  7  7  1 H
 0.599707995  7  7  0 H
 0.625464131  7  7  1 H
 0.643722600  7  6  1 H
 0.689827814  7  6  0 H
 0.716919107  7  5  0 H
 0.737679583  7  6  0 H
 0.773482080  7  6  1 H
 0.819660572  7  6  2 H
 0.848471627  7  6  1 H
 0.870281165  7  6  0 H
 0.894162655  7  6  14 H
 0.925217186  7  6  0 H
 0.969442689  7  6  14 H
 0.998518335  7  6  13 H
 0.998519716  7  6  13 h
 0.011471796  8  0  8 I
 0.056096773  8  1  8 I
 0.110627908  8  2  8 I
 0.123921040  8  2  7 I
 0.151548014  8  2  8 I
 0.169495362  8  3  8 I
 0.189637953  8  4  8 I
 0.232503470  8  5  8 I
 0.248699622  8  5  7 I
 0.263786341  8  6  7 I
 0.301678233  8  5  7 I
 0.314174356  8  5  8 I
 0.358981098  8  6  8 I
 0.388368256  8  5  8 I
 0.407229120  8  5  7 I
 0.428864288  8  5  6 I
 0.475650903  8  4  6 I
 0.514363125  8  4  5 I
 0.538699110  8  5  5 I
 0.550709504  8  5  4 I
 0.583597240  8  4  4 I
 0.625485188  8  4  3 I
 0.688677361  8  4  2 I
 0.716637584  8  3  2 I
 0.742881195  8  3  3 I
 0.776013988  8  3  2 I
 0.805640357  8  2  2 I
 0.852746333  8  2  1 I
 0.869433311  8  2  2 I
 0.913339394  8  2  1 I
 0.956659143  8  2  0 I
 0.976307184  8  2  1 I
 0.990328178  8  3  1 I
 1.027438907  8  3  2 I
 1.070216919  8  3  1 I
 1.095446344  8  3  0 I
 1.132623009  8  3  14 I
 1.132624152  8  3  14 i
 0.012151810  11  7  0 L
 0.056025403  11  7  1 L
 0.099678555  11  6  1 L
 0.139707911  11  5  1 L
 0.179399187  11  5  2 L
 0.193692369  11  4  2 L
 0.230123035  11  4  1 L
 0.243658819  11  4  0 L
 0.256608617  11  3  0 L
 0.292677775  11  3  14 L
 0.314859959  11  4  14 L
 0.349117736  11  4  0 L
 0.377684941  11  4  14 L
 0.405353588  11  5  14 L
 0.422351827  11  5  13 L
 0.452224845  11  4  13 L
 0.489001738  11  3  13 L
 0.520429114  11  3  14 L
 0.535664433  11  4  14 L
 0.584640240  11  3  14 L
 0.632112948  11  3  13 L
 0.645834864  11  4  13 L
 0.687965073  11  3  13 L
 0.737651003  11  3  12 L
 0.783376245  11  3  13 L
 0.798659823  11  3  12 L
 0.832538929  11  4  12 L
 0.885665757  11  4  11 L
 0.933553204  11  5  11 L
 0.973652280  11  5  12 L
 0.994292129  11  5  13 L
 1.009141288  11  4  13 L
 1.033645253  11  4  14 L
 1.055535763  11  4  13 L
 1.076533201  11  4  14 L
 1.096080063  11  4  13 L
 1.137320052  11  4  12 L
 1.172333373  11  4  11 L
 1.186655478  11  4  12 L
 1.214639810  11  5  12 L
 1.261908149  11  5  11 L
 1.291618056  11  4  11 L
 1.291619473  11  4  11 l
 0.010732827  5  10  10 F
 0.055971524  5  10  9 F
 0.086529793  5  10  10 F
 0.131687607  5  9  10 F
 0.144048149  5  8  10 F
 0.187628092  5  8  11 F
 0.214734769  5  8  12 F
 0.233415282  5  8  11 F
 0.268578860  5  9  11 F
 0.311697744  5  10  11 F
 0.351044036  5  10  10 F
 0.362610978  5  9  10 F
 0.412635038  5  10  10 F
 0.426208716  5  10  9 F
 0.469483881  5  10  10 F
 0.492646271  5  10  9 F
 0.519820362  5  10  8 F
 0.554996248  5  11  8 F
 0.600441673  5  12  8 F
 0.650109619  5  11  8 F
 0.687455323  5  12  8 F
 0.698984966  5  13  8 F
 0.733877378  5  12  8 F
 0.761317719  5  12  7 F
 0.809647904  5  12  6 F
 0.849004135  5  11  6 F
 0.869413720  5  11  7 F
 0.918262117  5  12  7 F
 0.942289098  5  12  8 F
 0.983416442  5  11  8 F
 1.030350193  5  11  7 F
 1.071630814  5  11  8 F
 1.088675355  5  11  7 F
 1.111764195  5  11  8 F
 1.161195548  5  12  8 F
 1.205730212  5  11  8 F
 1.218539258  5  10  8 F
 1.240413614  5  10  9 F
 1.255854708  5  10  8 F
 1.299839530  5  9  8 F
 1.325504270  5  10  8 F
 1.374150220  5  11  8 F
 1.420055054  5  11  9 F
 1.567705521  5  11  9 f
 0.010366892  3  6  0 D
 0.056055905  3  5  0 D
 0.081388384  3  5  14 D
 0.108666892  3  5  13 D
 0.123993776  3  5  14 D
 0.149669850  3  5  13 D
 0.180383743  3  4  13 D
 0.217256490  3  5  13 D
 0.261766277  3  5  12 D
 0.276881961  3  4  12 D
 0.314195140  3  4  13 D
 0.357165928  3  5  13 D
 0.374331889  3  5  14 D
 0.405317377  3  5  0 D
 0.430617223  3  5  1 D
 0.471535012  3  4  1 D
 0.493034640  3  4  2 D
 0.505107628  3  3  2 D
 0.538713894  3  2  2 D
 0.583574463  3  3  2 D
 0.616172860  3  4  2 D
 0.629375475  3  4  1 D
 0.646783515  3  4  2 D
 0.688627687  3  5  2 D
 0.709313316  3  5  3 D
 0.737717400  3  5  4 D
 0.766265739  3  5  3 D
 0.795244723  3  4  3 D
 0.837726011  3  4  2 D
 0.871544838  3  4  1 D
 0.914654533  3  4  2 D
 0.951631650  3  5  2 D
 0.982474232  3  6  2 D
 1.007428204  3  7  2 D
 1.050825817  3  8  2 D
 1.094484950  3  9  2 D
 1.108456726  3  9  3 D
 1.122760137  3  9  4 D
 1.171506058  3  10  4 D
 1.197873239  3  10  3 D
 1.215625688  3  11  3 D
 1.254339618  3  12  3 D
 1.279202231  3  12  4 D
 1.308187616  3  12  5 D
 1.337073842  3  12  6 D
 1.363649805  3  12  5 D
 1.393401161  3  12  4 D
 1.430101318  3  12  3 D
 1.445237183  3  12  2 D
 1.570791727  3  12  2 d
 0.012378060  12  10  11 M
 0.073655665  12  9  11 M
 0.101167055  12  9  10 M
 0.129235606  12  9  9 M
 0.170924362  12  9  10 M
 0.213860563  12  9  9 M
 0.230104810  12  9  8 M
 0.250622646  12  10  8 M
 0.265683191  12  9  8 M
 0.311668636  12  8  8 M
 0.355522250  12  8  9 M
 0.407211231  12  7  9 M
 0.431238560  12  6  9 M
 0.463643439  12  5  9 M
 0.488979296  12  4  9 M
 0.537688493  12  4  10 M
 0.578273590  12  4  9 M
 0.610275469  12  3  9 M
 0.656762598  12  4  9 M
 0.699720939  12  3  9 M
 0.712682192  12  3  10 M
 0.737735888  12  3  11 M
 0.757167813  12  2  11 M
 0.772652682  12  3  11 M
 0.832585845  12  3  12 M
 0.854485880  12  3  11 M
 0.872846384  12  3  10 M
 0.921258370  12  3  9 M
 0.932104623  12  3  8 M
 0.967260650  12  3  7 M
 0.984489555  12  4  7 M
 1.032681608  12  4  6 M
 1.047393836  12  4  7 M
 1.075770135  12  5  7 M
 1.122198194  12  5  8 M
 1.143706233  12  6  8 M
 1.156391006  12  6  9 M
 1.177230040  12  7  9 M
 1.190677356  12  7  10 M
 1.237624095  12  7  11 M
 1.262429760  12  6  11 M
 1.303051824  12  6  12 M
 1.315821573  12  5  12 M
 1.333638888  12  6  12 M
 1.356289794  12  7  12 M
 1.391876760  12  8  12 M
 1.434878260  12  8  13 M
 1.475497391  12  8  12 M
 1.509903461  12  8  13 M
 1.550807601  12  7  13 M
 1.592451142  12  7  14 M
 1.641641471  12  6  14 M
 1.664512767  12  6  0 M
 1.694694377  12  7  0 M
 1.727690283  12  6  0 M
 1.764269040  12  6  1 M
 1.781142894  12  6  0 M
 1.824524930  12  7  0 M
 1.852475545  12  6  0 M
 1.888462644  12  5  0 M
 1.909651851  12  5  14 M
 1.925207731  12  5  13 M
 2.048628606  12  5  13 m
 0.017648089  16  8  10 6
 0.519844342  16 -1 -1 6
 0.519847392  16  7  13 6
 1.026627003  16 -1 -1 6
 1.026634447  16  3  11 6
 1.526641875  16 -1 -1 6
 1.526648758  16  9  0 6
 2.032639013  16 -1 -1 6
 2.032648151  16  12  6 6
 0.015261360  15  10  2 5
 0.515266220  15 -1 -1 5
 0.515272153  15  12  11 5
 1.015632279  15 -1 -1 5
 1.015639792  15  3  11 5
 1.521679407  15 -1 -1 5
 1.521686449  15  12  12 5
 2.024630018  15 -1 -1 5
 2.024640161  15  8  7 5
 0.015034673  24  6  5 4
 0.523339653  24 -1 -1 4
 0.523345178  24  12  1 4
 1.024658590  24 -1 -1 4
 1.024667890  24  9  0 4
 1.527656342  24 -1 -1 4
 1.527661619  24  9  4 4
 2.027668401  24 -1 -1 4
 2.027674886  24  11  2 4
 0.026652148  21  7  9 1
 0.531655728  21 -1 -1 1
 0.531662964  21  11  8 1
 1.038631071  21 -1 -1 1
 1.038636144  21  1  12 1
 1.543630510  21 -1 -1 1
 1.543636804  21  4  8 1
 2.046608645  21 -1 -1 1
 2.046613353  21  13  11 1
 0.024725917  20  2  12 0
 0.529695721  20 -1 -1 0
 0.529702050  20  3  9 0
 1.029707874  20 -1 -1 0
 1.030434861  20  11  8 0
 1.532703055  20 -1 -1 0
 1.532709481  20  4  8 0
 2.037699234  20 -1 -1 0
 2.037707155  20  4  2 0
 0.029613202  22  13  4 2
 0.533726234  22 -1 -1 2
 0.533736451  22  12  3 2
 1.040645264  22 -1 -1 2
 1.040651378  22  9  6 2
 1.540659713  22 -1 -1 2
 1.540667249  22  10  0 2
 2.040707436  22 -1 -1 2
 2.040715335  22  9  11 2
 0.023787351  19  2  12 9
 0.527163408  19 -1 -1 9
 0.527168517  19  3  6 9
 1.029735686  19 -1 -1 9
 1.029739252  19  5  4 9
 1.536657654  19 -1 -1 9
 1.536663671  19  8  9 9
 2.041668059  19 -1 -1 9
 2.041673925  19  7  8 9
 0.031652128  23  12  7 3
 0.537678624  23 -1 -1 3
 0.537683595  23  9  12 3
 1.043671722  23 -1 -1 3
 1.043678580  23  10  13 3
 1.548699834  23 -1 -1 3
 1.548708475  23  2  2 3
 2.048777477  23 -1 -1 3
 0.021810660  18  1  11 8
 0.533744755  18 -1 -1 8
 0.533793624  18  13  8 8
 1.037650085  18 -1 -1 8
 1.037655415  18  8  0 8
 1.540677530  18 -1 -1 8
 1.540684084  18  2  0 8
 2.045679490  18 -1 -1 8
 2.045686812  18  8  6 8
 0.019667976  17  3  8 7
 0.525656843  17 -1 -1 7
 0.525662753  17  13  10 7
 1.033660827  17 -1 -1 7
 1.033665243  17  10  8 7
 1.534723288  17 -1 -1 7
 1.534730788  17  0  3 7
 2.038628854  17 -1 -1 7
 2.088793183  17  10  14 7
 0.169493918  17  4  8 7
 0.189636584  17  5  8 7
 0.488977856  21  3  9 1
 0.232501765  17  6  8 7
 0.463641556  21  4  9 1
 0.358979651  17  7  8 7
 0.431237051  21  5  9 1
 0.407209612  21  6  9 1
 0.696944709  16  8  13 6
 0.144046422  16  7  10 6
 1.218537823  17  10  7 7
 0.554994372  21  12  8 1
 1.071628995  20  11  9 0
 1.420052981  20  11  10 0
 0.600439824  21  12  9 1
 0.682647100  21  13  9 1
 0.603660637  15  13  11 5
 0.698983221  18  13  7 8
