-1  25  15  15
 0.016338544  9  14  2 J
 0.081967256  9  14  3 J
 0.115159639  9  13  3 J
 0.152637788  9  13  4 J
 0.175938745  9  13  3 J
 0.222052688  9  13  2 J
 0.362514647  9  13  2 j
 0.016158000  6  11  10 G
 0.077925091  6  11  9 G
 0.101689381  6  11  8 G
 0.114233332  6  10  8 G
 0.127042376  6  9  8 G
 0.169139895  6  10  8 G
 0.193727818  6  9  8 G
 0.217053557  6  9  7 G
 0.268158133  6  10  7 G
 0.386957826  6  10  7 g
 0.016278691  8  3  11 I
 0.076927152  8  2  11 I
 0.133975557  8  1  11 I
 0.150640765  8  1  10 I
 0.175043963  8  1  9 I
 0.220398392  8  1  10 I
 0.262361271  8  1  11 I
 0.285679172  8  1  12 I
 0.298111902  8  2  12 I
 0.312625106  8  2  11 I
 0.360924531  8  2  10 I
 0.380037116  8  2  9 I
 0.394908114  8  3  9 I
 0.394909352  8  3  9 i
 0.014950010  0  1  1 A
 0.067262216  0  1  0 A
 0.109073874  0  0  0 A
 0.139913418  0  14  0 A
 0.187957407  0  14  14 A
 0.203956353  0  13  14 A
 0.237950271  0  13  0 A
 0.261901500  0  13  1 A
 0.395440344  0  13  1 a
 0.015968722  3  10  2 D
 0.082957586  3  10  3 D
 0.128620942  3  11  3 D
 0.157486410  3  12  3 D
 0.222092812  3  13  3 D
 0.248551046  3  12  3 D
 0.279402774  3  13  3 D
 0.413926725  3  13  3 d
 0.016400072  10  10  7 K
 0.098958699  10  9  7 K
 0.137698690  10  10  7 K
 0.158468451  10  9  7 K
 0.187707667  10  10  7 K
 0.230918021  10  10  8 K
 0.258608776  10  11  8 K
 0.276944065  10  10  8 K
 0.422551510  10  10  8 k
 0.016519073  12  12  8 M
 0.085943742  12  11  8 M
 0.101648816  12  12  8 M
 0.124076173  12  12  9 M
 0.144802853  12  12  10 M
 0.191381802  12  12  11 M
 0.242916970  12  12  10 M
 0.286893194  12  12  9 M
 0.331807863  12  12  8 M
 0.370947666  12  11  8 M
 0.498794108  12  11  8 m
 0.015086368  1  5  10 B
 0.095980619  1  4  10 B
 0.123331883  1  4  11 B
 0.138448401  1  3  11 B
 0.159431455  1  2  11 B
 0.192508329  1  1  11 B
 0.223900906  1  2  11 B
 0.246945760  1  2  12 B
 0.291930394  1  2  13 B
 0.330635076  1  1  13 B
 0.348929381  1  1  12 B
 0.380016861  1  1  11 B
 0.405043116  1  2  11 B
 0.435234844  1  2  10 B
 0.467209543  1  2  9 B
 0.597713281  1  2  9 b
 0.016034157  4  10  11 E
 0.071017432  4  9  11 E
 0.103478902  4  9  12 E
 0.126012615  4  8  12 E
 0.155520186  4  9  12 E
 0.182531355  4  8  12 E
 0.202291494  4  7  12 E
 0.234202730  4  8  12 E
 0.252818628  4  7  12 E
 0.280392087  4  7  13 E
 0.329282735  4  6  13 E
 0.365062256  4  6  12 E
 0.414905932  4  6  13 E
 0.440675903  4  6  14 E
 0.473273420  4  7  14 E
 0.524984375  4  6  14 E
 0.558105847  4  6  13 E
 0.602790470  4  6  12 E
 0.650891356  4  5  12 E
 0.683936359  4  5  13 E
 0.719666521  4  6  13 E
 0.719682594  4  6  13 e
 0.016579508  13  13  6 N
 0.073933012  13  13  5 N
 0.111990658  13  13  4 N
 0.148696228  13  14  4 N
 0.178727923  13  0  4 N
 0.203299652  13  0  3 N
 0.231022440  13  0  4 N
 0.252576402  13  0  5 N
 0.273932772  13  1  5 N
 0.294914231  13  2  5 N
 0.313277394  13  2  6 N
 0.345954442  13  2  5 N
 0.373925923  13  3  5 N
 0.403930011  13  3  4 N
 0.438902052  13  4  4 N
 0.480976464  13  3  4 N
 0.499981767  13  2  4 N
 0.547033123  13  3  4 N
 0.573147193  13  3  5 N
 0.606909741  13  3  6 N
 0.626038153  13  4  6 N
 0.645023991  13  5  6 N
 0.688197049  13  5  7 N
 0.813160419  13  5  7 n
 0.015150329  2  7  9 C
 0.095034217  2  6  9 C
 0.129588406  2  6  8 C
 0.164944150  2  6  9 C
 0.200081851  2  6  10 C
 0.249806883  2  6  9 C
 0.265335759  2  6  8 C
 0.291090511  2  5  8 C
 0.329264004  2  6  8 C
 0.341937073  2  7  8 C
 0.377893730  2  7  9 C
 0.418428969  2  6  9 C
 0.443932302  2  5  9 C
 0.473253478  2  6  9 C
 0.502615275  2  6  10 C
 0.540955766  2  6  9 C
 0.566789827  2  5  9 C
 0.625060177  2  5  8 C
 0.674372225  2  4  8 C
 0.823927558  2  4  8 c
 0.016098113  5  1  7 F
 0.075056940  5  2  7 F
 0.123361080  5  3  7 F
 0.144972840  5  3  8 F
 0.160981826  5  2  8 F
 0.178937662  5  2  9 F
 0.222112136  5  1  9 F
 0.244904273  5  1  8 F
 0.291036726  5  2  8 F
 0.312084162  5  3  8 F
 0.361605054  5  4  8 F
 0.395717206  5  3  8 F
 0.439196164  5  4  8 F
 0.478310822  5  3  8 F
 0.506974954  5  4  8 F
 0.531050112  5  3  8 F
 0.551581594  5  4  8 F
 0.586937756  5  5  8 F
 0.624999037  5  4  8 F
 0.662338499  5  3  8 F
 0.674422543  5  3  7 F
 0.709940370  5  4  7 F
 0.831076587  5  4  7 f
 0.016219272  7  7  0 H
 0.072321345  7  7  14 H
 0.112011836  7  6  14 H
 0.145949384  7  5  14 H
 0.173965256  7  5  13 H
 0.184913164  7  6  13 H
 0.223084959  7  6  12 H
 0.261274448  7  6  11 H
 0.287799443  7  5  11 H
 0.327874938  7  5  10 H
 0.365592925  7  4  10 H
 0.408442806  7  5  10 H
 0.427475615  7  5  11 H
 0.438231321  7  6  11 H
 0.477593658  7  5  11 H
 0.518907859  7  5  12 H
 0.552174664  7  6  12 H
 0.595313856  7  5  12 H
 0.633902944  7  5  13 H
 0.683742532  7  4  13 H
 0.720650212  7  5  13 H
 0.754271865  7  5  12 H
 0.787610520  7  6  12 H
 0.799629414  7  5  12 H
 0.838939049  7  6  12 H
 0.983198287  7  6  12 h
 0.016639045  14  7  1 O
 0.072346559  14  7  0 O
 0.123999194  14  6  0 O
 0.153583277  14  6  1 O
 0.188868698  14  7  1 O
 0.226934859  14  7  0 O
 0.251486220  14  8  0 O
 0.300964662  14  7  0 O
 0.335143309  14  7  1 O
 0.377134552  14  6  1 O
 0.400964456  14  5  1 O
 0.425966228  14  5  0 O
 0.455136367  14  6  0 O
 0.499371010  14  6  1 O
 0.534244631  14  6  0 O
 0.582944356  14  6  1 O
 0.627258849  14  5  1 O
 0.660093378  14  5  2 O
 0.685545272  14  4  2 O
 0.735540986  14  4  1 O
 0.754946540  14  4  0 O
 0.785030541  14  4  1 O
 0.831922644  14  4  2 O
 0.873139054  14  3  2 O
 0.915726779  14  3  3 O
 0.936002225  14  3  2 O
 0.950666103  14  4  2 O
 0.963164101  14  3  2 O
 0.986534457  14  4  2 O
 1.023778548  14  3  2 O
 1.069516280  14  3  1 O
 1.107542592  14  4  1 O
 1.141935197  14  4  0 O
 1.181919038  14  5  0 O
 1.211972608  14  5  1 O
 1.252090491  14  5  0 O
 1.267653764  14  4  0 O
 1.291484441  14  3  0 O
 1.335019662  14  4  0 O
 1.384956163  14  3  0 O
 1.422975136  14  3  1 O
 1.470658313  14  3  0 O
 1.481527508  14  4  0 O
 1.481529018  14  4  0 o
 0.016459296  11  10  12 L
 0.076902679  11  11  12 L
 0.112027204  11  10  12 L
 0.140335950  11  10  13 L
 0.193900389  11  9  13 L
 0.205767859  11  10  13 L
 0.219895485  11  10  12 L
 0.251984200  11  10  13 L
 0.276031153  11  10  14 L
 0.306546632  11  10  0 L
 0.326421118  11  10  1 L
 0.350936186  11  9  1 L
 0.399672161  11  8  1 L
 0.447882447  11  8  2 L
 0.464434283  11  9  2 L
 0.499260275  11  9  3 L
 0.535673099  11  10  3 L
 0.574598510  11  9  3 L
 0.594933689  11  9  4 L
 0.614915894  11  9  5 L
 0.648792634  11  9  4 L
 0.690906874  11  9  3 L
 0.720673722  11  9  2 L
 0.752855417  11  10  2 L
 0.794756652  11  10  1 L
 0.815770739  11  11  1 L
 0.839903874  11  11  2 L
 0.854678023  11  12  2 L
 0.904172301  11  12  1 L
 0.916933474  11  11  1 L
 0.936907565  11  10  1 L
 0.977841656  11  10  0 L
 1.009638864  11  11  0 L
 1.034088877  11  11  1 L
 1.072860121  11  10  1 L
 1.088726687  11  9  1 L
 1.130452933  11  10  1 L
 1.169097573  11  11  1 L
 1.213093990  11  11  0 L
 1.248911100  11  11  14 L
 1.285472837  11  11  13 L
 1.299695204  11  10  13 L
 1.321033198  11  10  12 L
 1.359703362  11  10  11 L
 1.387912199  11  10  10 L
 1.432538115  11  11  10 L
 1.477915058  11  11  9 L
 1.489912390  11  11  10 L
 1.514177220  11  12  10 L
 1.542111470  11  11  10 L
 1.584920340  11  11  9 L
 1.617361126  11  12  9 L
 1.632890977  11  13  9 L
 1.652280256  11  13  8 L
 1.691941008  11  12  8 L
 1.735890244  11  13  8 L
 1.753683188  11  13  7 L
 1.789270945  11  12  7 L
 1.827533598  11  12  6 L
 1.850381383  11  11  6 L
 1.880794199  11  11  5 L
 1.899931243  11  12  5 L
 1.950924165  11  12  6 L
 1.971302081  11  11  6 L
 2.004776324  11  12  6 L
 2.039640958  11  11  6 L
 2.061093303  11  11  5 L
 2.107977129  11  11  4 L
 2.154955370  11  11  3 L
 2.192943477  11  12  3 L
 2.204503008  11  12  2 L
 2.242891676  11  11  2 L
 2.287489544  11  11  1 L
 2.330913478  11  11  2 L
 2.367342252  11  11  1 L
 2.411912676  11  10  1 L
 2.436429936  11  11  1 L
 2.447712920  11  12  1 L
 2.497397633  11  12  0 L
 2.516154669  11  12  14 L
 2.544961140  11  12  13 L
 2.569830361  11  13  13 L
 2.598219572  11  13  12 L
 2.630884814  11  13  11 L
 2.648484745  11  13  10 L
 2.648489285  11  13  10 l
 0.039959354  23  8  10 3
 0.541922495  23 -1 -1 3
 0.541930631  23  3  5 3
 1.042910255  23 -1 -1 3
 1.042918232  23  10  2 3
 1.543886370  23 -1 -1 3
 1.595436023  23  13  11 3
 2.098907756  23 -1 -1 3
 2.098915305  23  9  3 3
 2.598920655  23 -1 -1 3
 2.598926150  23  13  9 3
 0.030361848  17  11  14 7
 0.530400709  17 -1 -1 7
 0.539934282  17  9  3 7
 1.039942908  17 -1 -1 7
 1.039950068  17  7  11 7
 1.545094150  17 -1 -1 7
 1.545098758  17  2  6 7
 2.050891141  17 -1 -1 7
 2.050895683  17  4  12 7
 2.558944937  17 -1 -1 7
 2.558951249  17  1  2 7
 0.035001113  21  2  6 1
 0.535699508  21 -1 -1 1
 0.535702669  21  1  1 1
 1.036948958  21 -1 -1 1
 1.036959736  21  6  3 1
 1.537918529  21 -1 -1 1
 1.537925977  21  8  3 1
 2.042999056  21 -1 -1 1
 2.043013297  21  14  13 1
 2.550930245  21 -1 -1 1
 2.550937265  21  9  10 1
 0.028331056  18  13  7 8
 0.528337238  18 -1 -1 8
 0.528342729  18  2  12 8
 1.029906479  18 -1 -1 8
 1.029912112  18  3  14 8
 1.529918359  18 -1 -1 8
 1.529924277  18  7  11 8
 2.036904729  18 -1 -1 8
 2.036910782  18  6  4 8
 2.542907938  18 -1 -1 8
 2.542914580  18  4  9 8
 0.070117246  19  1  1 9
 0.573937492  19 -1 -1 9
 0.573943165  19  2  4 9
 1.073952200  19 -1 -1 9
 1.073959815  19  1  9 9
 1.573991637  19 -1 -1 9
 1.573998793  19  0  4 9
 2.080899777  19 -1 -1 9
 2.080906796  19  7  14 9
 2.580922546  19 -1 -1 9
 2.580929918  19  14  9 9
 0.025943636  16  12  13 6
 0.534271973  16 -1 -1 6
 0.534276590  16  10  5 6
 1.034280123  16 -1 -1 6
 1.034283957  16  10  4 6
 1.542132590  16 -1 -1 6
 1.542135676  16  9  13 6
 2.044897178  16 -1 -1 6
 2.044903193  16  8  12 6
 2.544986149  16 -1 -1 6
 2.544989540  16  10  4 6
 0.022958790  20  13  3 0
 0.524892197  20 -1 -1 0
 0.524898205  20  13  13 0
 1.024914784  20 -1 -1 0
 1.024920945  20  11  9 0
 1.527927205  20 -1 -1 0
 1.527934648  20  0  11 0
 2.032940460  20 -1 -1 0
 2.032948104  20  8  13 0
 2.539859095  20 -1 -1 0
 2.539864920  20  14  12 0
 0.036960542  22  7  7 2
 0.536965373  22 -1 -1 2
 0.536970034  22  2  2 2
 1.045943036  22 -1 -1 2
 1.045950165  22  5  3 2
 1.547915018  22 -1 -1 2
 1.547919346  22  8  2 2
 2.048913604  22 -1 -1 2
 2.048917619  22  7  2 2
 2.551899453  22 -1 -1 2
 2.551904387  22  4  2 2
 0.041922113  24  2  7 4
 0.544949460  24 -1 -1 4
 0.544956252  24  7  7 4
 1.046955268  24 -1 -1 4
 1.046960566  24  8  1 4
 1.546965970  24 -1 -1 4
 1.546971643  24  6  11 4
 2.046976409  24 -1 -1 4
 2.046981456  24  7  11 4
 2.546988920  24 -1 -1 4
 2.546994800  24  4  4 4
 0.021534539  15  4  12 5
 0.528924243  15 -1 -1 5
 0.528929456  15  14  11 5
 1.031929180  15 -1 -1 5
 1.031934633  15  7  13 5
 1.531940328  15 -1 -1 5
 1.531946061  15  0  4 5
 2.034916540  15 -1 -1 5
 2.034921600  15  6  3 5
 2.537913131  15 -1 -1 5
 2.537920911  15  5  14 5
 0.313275684  21  3  6 1
 0.075054384  24  3  7 4
 0.573145266  23  4  5 3
 0.123359315  24  4  7 4
 0.574596807  17  8  3 7
 1.477913067  20  10  9 0
 0.157484380  20  12  4 0
 0.115157684  20  12  3 0
