 0.000950545  1  1  0  B
 0.038568060  1  1  1  B
 0.075490237  1  1  2  B
 0.104550659  1  1  3  B
 0.104551556  1  1  0  B
 0.132301719  1  1  1  B
 0.134066546  1  1  2  B
 0.184732150  1  1  3  B
 0.184733242  1  1  0  B
 0.227704596  1  1  1  B
 0.227705658  1  1  2  B
 0.260586226  1  1  3  B
 0.260587437  1  1  0  B
 0.296124942  1  1  1  B
 0.296125855  1  1  2  B
 0.311268589  1  1  3  B
 0.311269523  1  1  0  B
 0.347963338  1  1  1  B
 0.347964967  1  1  2  B
 0.371286237  1  1  3  B
 0.371287312  1  1  0  B
 0.383430714  1  1  1  B
 0.405500429  1  1  2  B
 0.444525430  1  1  3  B
 0.444526410  1  1  0  B
 0.478815399  1  1  1  B
 0.478816979  1  1  2  B
 0.511818095  1  1  3  B
 0.511819229  1  1  0  B
 0.555929662  1  1  1  B
 0.555931314  1  1  2  B
 0.574978365  1  1  3  B
 0.574980090  1  1  0  B
 0.587034588  1  1  1  B
 0.600883581  1  1  2  B
 0.640166201  1  1  3  B
 0.640167734  1  1  0  B
 0.660454044  1  1  1  B
 0.660456320  1  1  2  B
 0.677978050  1  1  3  B
 0.677979497  1  1  0  B
 0.710099450  1  1  1  B
 0.710100162  1  1  2  B
 0.728586078  1  1  3  B
 0.728587928  1  1  0  B
 0.772455397  1  1  1  B
 0.772457162  1  1  2  B
 0.800166463  1  1  3  B
 0.800167388  1  1  0  B
 0.813378412  1  1  1  B
 0.816520090  1  1  2  B
 0.830165466  1  1  3  B
 0.830167330  1  1  0  B
 0.867473267  1  1  1  B
 0.867474869  1  1  2  B
 0.885058584  1  1  3  B
 0.885059794  1  1  0  B
 0.897636539  1  1  1  B
 0.901221908  1  1  2  B
 0.936763409  1  1  3  B
 0.936764366  1  1  0  B
 0.970735591  1  1  1  B
 0.985287312  1  1  2  B
 1.002845504  1  1  3  B
 1.002847035  1  1  0  B
 1.029219301  1  1  1  B
 1.051537865  1  1  2  B
 1.086699754  1  1  3  B
 1.086700678  1  1  0  B
 1.116280487  1  1  1  B
 1.116281970  1  1  2  B
 1.164634174  1  1  3  B
 1.164635325  1  1  0  B
 1.214563449  1  1  1  B
 1.214564540  1  1  2  B
 1.238471808  1  1  3  B
 1.238473108  1  1  0  B
 1.274185554  1  1  1  B
 1.274187067  1  1  2  B
 1.318430470  1  1  3  B
 1.318431390  1  1  0  B
 1.353376359  1  1  1  B
 1.353377867  1  1  2  B
 1.373815795  1  1  3  B
 1.373817268  1  1  0  B
 1.386459417  1  1  1  B
 1.386460886  1  1  2  B
 1.418465506  1  1  3  B
 1.418466474  1  1  0  B
 1.434548646  1  1  1  B
 1.448804805  1  1  2  B
 1.472450701  1  1  3  B
 1.472451735  1  1  0  B
 1.505629577  1  1  1  B
 1.521935718  1  1  2  B
 1.549424210  1  1  3  B
 1.549425067  1  1  0  B
 1.566156798  1  1  1  B
 1.597117576  1  1  2  B
 1.623750946  1  1  3  B
 1.623752529  1  1  0  B
 1.648121191  1  1  1  B
 1.652768035  1  1  2  B
 1.688482835  1  1  3  B
 1.688484210  1  1  0  B
 1.703571597  1  1  1  B
 1.739675202  1  1  2  B
 1.759622368  1  1  3  B
 1.759623759  1  1  0  B
 1.812464319  1  1  1  B
 1.814794642  1  1  2  B
 1.837672721  1  1  3  B
 1.837674180  1  1  0  B
 1.851217127  1  1  1  B
 1.870504218  1  1  2  B
 1.902039718  1  1  3  B
 1.902041200  1  1  0  B
 1.926609060  1  1  1  B
 1.931902283  1  1  2  B
 1.957523156  1  1  3  B
 1.957524027  1  1  0  B
 1.998800396  1  1  1  B
 1.998801954  1  1  2  B
 2.021620192  1  1  3  B
 2.021621726  1  1  0  B
 2.059129142  1  1  1  B
 2.085076591  1  1  2  B
 2.106552804  1  1  3  B
 2.106576711  1  1  0  B
 2.149787740  1  1  1  B
 2.171072798  1  1  2  B
 2.199552736  1  1  3  B
 2.199553893  1  1  0  B
 2.221961494  1  1  1  B
 2.245133775  1  1  2  B
 2.291745545  1  1  3  B
 2.291746858  1  1  0  B
 2.339468788  1  1  1  B
 2.339470398  1  1  2  B
 2.382439449  1  1  3  B
 2.382440503  1  1  0  B
 2.418465648  1  1  1  B
 2.418467659  1  1  2  B
 2.444499239  1  1  3  B
 2.444500344  1  1  0  B
 2.480929631  1  1  1  B
 2.486594879  1  1  2  B
 2.536487651  1  1  3  B
 2.536488887  1  1  0  B
 2.576531739  1  1  1  B
 2.576532811  1  1  2  B
 2.592223013  1  1  3  B
 2.592224504  1  1  0  B
 2.625432014  1  1  1  B
 2.638847288  1  1  2  B
 2.667619163  1  1  3  B
 2.667620933  1  1  0  B
 2.709243905  1  1  1  B
 2.716933477  1  1  2  B
 2.741594458  1  1  3  B
 2.741595910  1  1  0  B
 2.764004782  1  1  1  B
 2.790183576  1  1  2  B
 2.819386865  1  1  3  B
 2.819387880  1  1  0  B
 2.860644719  1  1  1  B
 2.862448207  1  1  2  B
 2.899663446  1  1  3  B
 2.899665148  1  1  0  B
 2.929072756  1  1  1  B
 2.932617734  1  1  2  B
 2.954469228  1  1  3  B
 2.954470957  1  1  0  B
 2.980709845  1  1  1  B
 3.006790624  1  1  2  B
 3.054791200  1  1  3  B
 3.054792510  1  1  0  B
 0.000840158  0  0  0  A
 0.029021812  0  0  1  A
 0.029023466  0  0  2  A
 0.075468435  0  0  3  A
 0.075469224  0  0  0  A
 0.095055496  0  0  1  A
 0.104571833  0  0  2  A
 0.134045219  0  0  3  A
 0.134045830  0  0  0  A
 0.150816622  0  0  1  A
 0.184754100  0  0  2  A
 0.198477095  0  0  3  A
 0.198477664  0  0  0  A
 0.235570075  0  0  1  A
 0.260589472  0  0  2  A
 0.285466577  0  0  3  A
 0.285467164  0  0  0  A
 0.300120540  0  0  1  A
 0.311271197  0  0  2  A
 0.335201864  0  0  3  A
 0.335203107  0  0  0  A
 0.362705516  0  0  1  A
 0.371289132  0  0  2  A
 0.405497529  0  0  3  A
 0.405498755  0  0  0  A
 0.443690369  0  0  1  A
 0.444527595  0  0  2  A
 0.460151566  0  0  3  A
 0.460152718  0  0  0  A
 0.488596808  0  0  1  A
 0.511820879  0  0  2  A
 0.531520146  0  0  3  A
 0.531521629  0  0  0  A
 0.568633790  0  0  1  A
 0.574982414  0  0  2  A
 0.600880345  0  0  3  A
 0.600881480  0  0  0  A
 0.622743528  0  0  1  A
 0.640170120  0  0  2  A
 0.651411943  0  0  3  A
 0.651413175  0  0  0  A
 0.677986055  0  0  1  A
 0.677986943  0  0  2  A
 0.707989019  0  0  3  A
 0.707990437  0  0  0  A
 0.735282235  0  0  1  A
 0.735283707  0  0  2  A
 0.749200409  0  0  3  A
 0.749202210  0  0  0  A
 0.798836868  0  0  1  A
 0.800168858  0  0  2  A
 0.816517688  0  0  3  A
 0.816518425  0  0  0  A
 0.830216552  0  0  1  A
 0.830217447  0  0  2  A
 0.847928707  0  0  3  A
 0.847930237  0  0  0  A
 0.879963581  0  0  1  A
 0.885061794  0  0  2  A
 0.901219467  0  0  3  A
 0.901220390  0  0  0  A
 0.936386204  0  0  1  A
 0.936765871  0  0  2  A
 0.985284383  0  0  3  A
 0.985285320  0  0  0  A
 1.026384943  0  0  1  A
 1.026386739  0  0  2  A
 1.051535464  0  0  3  A
 1.051536298  0  0  0  A
 1.075949478  0  0  1  A
 1.086702456  0  0  2  A
 1.114201558  0  0  3  A
 1.114202989  0  0  0  A
 1.127718931  0  0  1  A
 1.164637063  0  0  2  A
 1.212802247  0  0  3  A
 1.212803531  0  0  0  A
 1.227387138  0  0  1  A
 1.238475446  0  0  2  A
 1.254559279  0  0  3  A
 1.254560563  0  0  0  A
 1.298480487  0  0  1  A
 1.318439015  0  0  2  A
 1.349371695  0  0  3  A
 1.349373218  0  0  0  A
 1.390478839  0  0  1  A
 1.418468332  0  0  2  A
 1.448802418  0  0  3  A
 1.448803233  0  0  0  A
 1.469393326  0  0  1  A
 1.472456992  0  0  2  A
 1.521933070  0  0  3  A
 1.521933849  0  0  0  A
 1.540593209  0  0  1  A
 1.549437324  0  0  2  A
 1.597114889  0  0  3  A
 1.597115859  0  0  0  A
 1.628537391  0  0  1  A
 1.628539278  0  0  2  A
 1.652765746  0  0  3  A
 1.652766598  0  0  0  A
 1.693961528  0  0  1  A
 1.693962982  0  0  2  A
 1.739671741  0  0  3  A
 1.739672962  0  0  0  A
 1.769250750  0  0  1  A
 1.769252188  0  0  2  A
 1.814792444  0  0  3  A
 1.814793235  0  0  0  A
 1.841219045  0  0  1  A
 1.841220394  0  0  2  A
 1.870501758  0  0  3  A
 1.870502545  0  0  0  A
 1.908667369  0  0  1  A
 1.908669187  0  0  2  A
 1.931899999  0  0  3  A
 1.931900812  0  0  0  A
 1.951789772  0  0  1  A
 1.957525563  0  0  2  A
 1.996544951  0  0  3  A
 1.996546627  0  0  0  A
 2.036344074  0  0  1  A
 2.036345811  0  0  2  A
 2.085073338  0  0  3  A
 2.085074369  0  0  0  A
 2.131181216  0  0  1  A
 2.131183012  0  0  2  A
 2.171046473  0  0  3  A
 2.171071196  0  0  0  A
 2.182885615  0  0  1  A
 2.199555645  0  0  2  A
 2.245131328  0  0  3  A
 2.245132251  0  0  0  A
 2.276626737  0  0  1  A
 2.291748627  0  0  2  A
 2.328381372  0  0  3  A
 2.328382962  0  0  0  A
 2.365506921  0  0  1  A
 2.382442330  0  0  2  A
 2.402313201  0  0  3  A
 2.402314659  0  0  0  A
 2.442868443  0  0  1  A
 2.444501519  0  0  2  A
 2.486591951  0  0  3  A
 2.486593305  0  0  0  A
 2.502372080  0  0  1  A
 2.536490988  0  0  2  A
 2.576519565  0  0  3  A
 2.576520985  0  0  0  A
 2.611563306  0  0  1  A
 2.611565014  0  0  2  A
 2.638844112  0  0  3  A
 2.638845270  0  0  0  A
 2.675250133  0  0  1  A
 2.675251838  0  0  2  A
 2.716931081  0  0  3  A
 2.716931991  0  0  0  A
 2.760889188  0  0  1  A
 2.760890918  0  0  2  A
 2.790180278  0  0  3  A
 2.790181693  0  0  0  A
 2.816485165  0  0  1  A
 2.819389538  0  0  2  A
 2.862445373  0  0  3  A
 2.862446515  0  0  0  A
 2.910404371  0  0  1  A
 2.910405941  0  0  2  A
 2.932615295  0  0  3  A
 2.932616252  0  0  0  A
 2.971036298  0  0  1  A
 2.971038034  0  0  2  A
 3.006786471  0  0  3  A
 3.006788191  0  0  0  A
 3.049063263  0  0  1  A
 3.054794520  0  0  2  A
 3.067515800  0  0  3  A
 3.067517396  0  0  0  A
 3.088980361  0  0  1  A
 3.088981936  0  0  2  A
 3.110392397  0  0  3  A
 3.110394220  0  0  0  A
 3.159288031  0  0  1  A
 3.159289641  0  0  2  A
 3.177859881  0  0  3  A
 3.177861552  0  0  0  A
 3.221734684  0  0  1  A
 3.221736444  0  0  2  A
 3.270389824  0  0  3  A
 3.270391008  0  0  0  A
 3.312763961  0  0  1  A
 3.312765613  0  0  2  A
 3.328187578  0  0  3  A
 3.328189151  0  0  0  A
 3.366152620  0  0  1  A
 3.366154564  0  0  2  A
 3.379817508  0  0  3  A
 3.379819199  0  0  0  A
-1  2  2  4 LOCAL_SECTION;ENTRY_PROTOCOL;CRITICAL_SECTION;EXIT_PROTOCOL;EXTRA_LABEL;
