-1 25 15 15
0.028255803 4 9 5 E
0.041858018 4 9 6 E
0.090684406 4 9 7 E
0.104575529 4 9 7 e
0.038762850 2 7 7 C
0.084859524 2 8 7 C
0.135697892 2 8 7 c
0.041903643 14 13 2 O
0.074954867 14 13 1 O
0.123092065 14 12 1 O
0.144359690 14 13 1 O
0.165130209 14 13 1 o
0.047748676 13 1 5 N
0.088720077 13 2 5 N
0.124951021 13 3 5 N
0.151213784 13 2 5 N
0.188509387 13 2 5 n
0.047741116 3 12 9 D
0.086832446 3 13 9 D
0.136955182 3 13 10 D
0.174632751 3 14 10 D
0.210674668 3 14 10 d
0.021404234 11 13 10 L
0.052899868 11 14 10 L
0.090741350 11 14 9 L
0.129888570 11 14 8 L
0.153250145 11 13 8 L
0.176906395 11 13 9 L
0.192228100 11 13 10 L
0.224686580 11 13 10 l
0.054558872 0 7 0 A
0.068307193 0 7 1 A
0.112153760 0 7 0 A
0.135673954 0 6 0 A
0.162991998 0 6 14 A
0.186350630 0 6 0 A
0.208798742 0 5 0 A
0.250919398 0 5 1 A
0.275769221 0 6 1 A
0.325335279 0 6 1 a
0.049613786 6 3 1 G
0.066245074 6 3 0 G
0.100635691 6 4 0 G
0.121137258 6 4 14 G
0.170893925 6 3 14 G
0.218562671 6 3 13 G
0.236235241 6 3 14 G
0.261459529 6 4 14 G
0.285532817 6 4 0 G
0.336210869 6 4 0 g
0.049571099 8 11 1 I
0.072148582 8 12 1 I
0.113260978 8 11 1 I
0.153577752 8 12 1 I
0.204868749 8 12 2 I
0.247030883 8 12 1 I
0.285418868 8 12 2 I
0.296172078 8 12 1 I
0.346914207 8 12 1 i
0.034156097 1 8 2 B
0.084871934 1 9 2 B
0.113272349 1 9 1 B
0.142490714 1 8 1 B
0.182443717 1 7 1 B
0.223387114 1 8 1 B
0.264424576 1 8 0 B
0.278990727 1 7 0 B
0.303931277 1 6 0 B
0.325561666 1 5 0 B
0.356763689 1 5 0 b
0.052766579 9 1 7 J
0.081150003 9 2 7 J
0.118229989 9 3 7 J
0.135690026 9 3 6 J
0.184361640 9 2 6 J
0.204924380 9 3 6 J
0.228368339 9 2 6 J
0.243021488 9 2 7 J
0.286629820 9 2 8 J
0.331476794 9 2 7 J
0.342983539 9 3 7 J
0.388887483 9 4 7 J
0.402042897 9 4 7 j
0.026369230 7 1 3 H
0.068610610 7 1 2 H
0.113494316 7 2 2 H
0.155271780 7 3 2 H
0.174615924 7 4 2 H
0.218856362 7 4 3 H
0.259530396 7 5 3 H
0.299123079 7 5 4 H
0.336282777 7 5 5 H
0.350904694 7 4 5 H
0.387079508 7 4 6 H
0.406431759 7 4 6 h
0.028274828 5 2 11 F
0.066184812 5 1 11 F
0.082919328 5 2 11 F
0.124962586 5 3 11 F
0.139599453 5 3 10 F
0.155401165 5 3 11 F
0.194161181 5 4 11 F
0.221600380 5 3 11 F
0.245100656 5 3 10 F
0.289340196 5 3 9 F
0.309945766 5 3 10 F
0.356690311 5 3 9 F
0.395728630 5 3 8 F
0.429941021 5 3 7 F
0.429942071 5 3 7 f
0.032246489 12 13 14 M
0.068847207 12 12 14 M
0.102382741 12 13 14 M
0.127736266 12 13 0 M
0.148280594 12 13 14 M
0.178691211 12 12 14 M
0.200174085 12 11 14 M
0.218712171 12 10 14 M
0.259584882 12 10 13 M
0.292544731 12 10 12 M
0.312311886 12 11 12 M
0.333876012 12 11 13 M
0.379068238 12 10 13 M
0.401768799 12 10 14 M
0.418171480 12 10 13 M
0.429929933 12 10 12 M
0.475721842 12 11 12 M
0.491495204 12 12 12 M
0.504279483 12 12 13 M
0.518768964 12 11 13 M
0.554822505 12 12 13 M
0.583170786 12 12 14 M
0.624029029 12 12 0 M
0.636838033 12 12 0 m
0.023288251 10 8 10 K
0.034108918 10 7 10 K
0.084805467 10 6 10 K
0.105065115 10 6 11 K
0.123103074 10 7 11 K
0.148265775 10 7 10 K
0.176707123 10 8 10 K
0.215601266 10 9 10 K
0.265550465 10 8 10 K
0.299210954 10 8 11 K
0.349073492 10 7 11 K
0.395706858 10 6 11 K
0.410360807 10 7 11 K
0.427979210 10 6 11 K
0.456382422 10 5 11 K
0.504156877 10 4 11 K
0.538213379 10 3 11 K
0.576529354 10 4 11 K
0.598736760 10 3 11 K
0.634883647 10 3 12 K
0.679784843 10 2 12 K
0.712001033 10 2 11 K
0.755097275 10 2 12 K
0.799850305 10 1 12 K
0.842834374 10 2 12 K
0.859332465 10 3 12 K
0.908312140 10 4 12 K
0.921758929 10 5 12 K
0.964799343 10 5 11 K
0.978437558 10 5 12 K
1.001844849 10 5 13 K
1.039951089 10 5 14 K
1.073033972 10 5 13 K
1.087791144 10 6 13 K
1.130770067 10 6 12 K
1.145324184 10 6 11 K
1.187535737 10 7 11 K
1.215568078 10 7 12 K
1.240902929 10 7 13 K
1.287987028 10 7 12 K
1.320004832 10 7 13 K
1.347364344 10 7 12 K
1.387354944 10 7 11 K
1.410168246 10 7 10 K
1.446844910 10 7 11 K
1.469312121 10 7 12 K
1.516182838 10 7 11 K
1.534781444 10 6 11 K
1.550295831 10 7 11 K
1.579584896 10 7 10 K
1.610531255 10 8 10 K
1.655196855 10 9 10 K
1.691323348 10 9 9 K
1.730065934 10 9 10 K
1.757250027 10 9 9 K
1.799980587 10 8 9 K
1.817364034 10 9 9 K
1.840627429 10 8 9 K
1.874113487 10 8 8 K
1.907238487 10 9 8 K
1.954100076 10 9 8 k
0.005577226 16 14 10 6
0.515073625 16 -1 -1 6
0.525812220 16 8 3 6
1.030267689 16 -1 -1 6
1.041828493 16 14 3 6
1.545463766 16 -1 -1 6
1.658147253 16 9 0 6
0.005891771 21 6 9 1
0.515081068 21 -1 -1 1
0.525813912 21 10 0 1
1.030326739 21 -1 -1 1
1.041781887 21 11 7 1
1.545473292 21 -1 -1 1
1.607449577 21 10 9 1
0.006032467 20 5 11 0
0.515110460 20 -1 -1 0
0.627105955 20 9 14 0
1.128949079 20 -1 -1 0
1.191207127 20 12 3 0
1.697811709 20 -1 -1 0
1.708583584 20 14 12 0
0.006101378 22 6 5 2
0.515087967 22 -1 -1 2
0.525801390 22 0 14 2
1.030249381 22 -1 -1 2
1.143346612 22 13 7 2
1.649431242 22 -1 -1 2
1.710432976 22 12 6 2
0.056375962 24 5 14 4
0.557441961 24 -1 -1 4
0.567859334 24 11 10 4
1.075143038 24 -1 -1 4
1.136571646 24 11 0 4
1.642837302 24 -1 -1 4
1.653319067 24 5 6 4
0.005924874 17 2 11 7
0.515094565 17 -1 -1 7
0.525787100 17 10 4 7
1.030167833 17 -1 -1 7
1.041798076 17 10 6 7
1.545483025 17 -1 -1 7
1.607429764 17 4 4 7
0.005995102 19 8 12 9
0.515104428 19 -1 -1 9
0.525801708 19 14 4 9
1.030318019 19 -1 -1 9
1.041840287 19 0 10 9
1.545492810 19 -1 -1 9
1.556178221 19 12 5 9
0.005857091 15 9 8 5
0.515000730 15 -1 -1 5
0.576422056 15 4 9 5
1.086160318 15 -1 -1 5
1.096518550 15 14 12 5
1.598669681 15 -1 -1 5
1.610547349 15 7 3 5
0.005962198 18 3 14 8
0.515112749 18 -1 -1 8
0.576439326 18 8 8 8
1.085955855 18 -1 -1 8
1.096476718 18 10 0 8
1.598654730 18 -1 -1 8
1.661242849 18 14 13 8
0.006134404 23 11 8 3
0.515064865 23 -1 -1 3
0.525820765 23 10 2 3
1.030260351 23 -1 -1 3
1.041817895 23 2 4 3
1.547411668 23 -1 -1 3
1.558314392 23 0 9 3
0.004941782 13 0 5 N
0.003004015 9 0 7 J
0.052897071 16 0 10 6
0.002924265 7 2 3 H
0.028272461 17 2 12 7
0.002916004 6 3 0 G
0.002908464 5 3 11 F
0.218558730 18 3 12 8
0.170889215 18 3 13 8
0.456379266 20 5 10 0
0.002882963 2 6 7 C
0.002865495 0 7 1 A
0.003009639 10 9 10 K
0.002874221 1 7 2 B
0.002899623 4 10 5 E
0.004965682 14 13 3 O
0.004839665 11 13 9 L
0.002995953 8 11 2 I
0.004846900 12 13 13 M
0.002891129 3 12 8 D
